(4,15,23.5)
(4,19,3.9)
(4,30,6.0)
(4,73,20.5)
(4,102,3.4)
(4,105,4.3)
(4,119,4.6)
(4,130,3.8)
(4,134,3.1)
(4,195,2.7)
(4,212,10.2)
(4,213,6.3)
(4,232,3.8)
(4,268,5.3)
(4,285,2.5)
(4,294,5.1)
(4,306,4.7)
(4,311,7.0)
(4,358,3.5)
(4,388,6.1)
(4,452,10.1)
(4,461,9.2)
(4,463,3.8)
(4,466,1.2)
(4,468,12.5)
(4,472,6.1)
(4,509,8.8)
(4,514,3.2)
(4,518,5.3)
(4,547,11.7)
(4,564,28.1)
(4,575,2.1)
(4,580,10.5)
(4,607,4.5)
(4,624,10.8)
(4,654,7.8)
(5,15,63.8)
(5,73,51.7)
(5,212,37.0)
(5,468,43.1)
(5,580,38.7)
(5,654,33.3)
(7,564,268.0)
(8,15,33.5)
(8,23,11.9)
(8,73,27.7)
(8,212,16.5)
(8,380,15.0)
(8,388,12.1)
(8,452,18.2)
(8,461,19.5)
(8,468,19.6)
(8,509,16.3)
(8,547,18.9)
(8,580,17.2)
(8,607,9.8)
(8,624,16.9)
(8,654,14.1)
(15,17,20.1)
(15,19,18.5)
(15,21,25.2)
(15,22,21.2)
(15,23,16.5)
(15,26,36.0)
(15,30,18.6)
(15,33,268.0)
(15,34,25.8)
(15,41,38.9)
(15,48,21.9)
(15,56,18.8)
(15,57,24.2)
(15,61,43.5)
(15,63,268.0)
(15,68,43.5)
(15,72,29.0)
(15,73,36.4)
(15,75,29.0)
(15,77,18.8)
(15,78,20.6)
(15,83,28.3)
(15,84,70.7)
(15,86,58.2)
(15,88,19.1)
(15,91,78.1)
(15,92,62.4)
(15,93,23.2)
(15,94,22.8)
(15,95,23.9)
(15,97,32.0)
(15,99,28.6)
(15,102,21.1)
(15,105,17.9)
(15,111,19.7)
(15,118,28.3)
(15,119,17.8)
(15,120,24.4)
(15,125,20.4)
(15,128,22.5)
(15,130,18.2)
(15,133,61.0)
(15,134,18.8)
(15,148,41.7)
(15,149,34.6)
(15,150,19.2)
(15,152,21.0)
(15,157,20.7)
(15,159,28.7)
(15,165,18.9)
(15,175,73.2)
(15,176,32.2)
(15,177,26.1)
(15,178,54.4)
(15,185,22.8)
(15,187,21.0)
(15,189,55.6)
(15,195,19.5)
(15,199,21.1)
(15,200,26.1)
(15,201,41.6)
(15,205,48.9)
(15,212,15.4)
(15,213,16.6)
(15,214,21.7)
(15,219,26.4)
(15,220,21.5)
(15,230,101.2)
(15,232,20.7)
(15,234,71.5)
(15,235,26.4)
(15,236,42.8)
(15,239,24.1)
(15,240,21.6)
(15,242,20.1)
(15,243,19.3)
(15,245,34.7)
(15,247,21.2)
(15,250,53.8)
(15,251,101.7)
(15,253,21.3)
(15,254,128.3)
(15,255,268.0)
(15,262,18.9)
(15,265,44.5)
(15,268,17.3)
(15,270,45.7)
(15,273,141.6)
(15,275,31.3)
(15,282,25.2)
(15,283,31.9)
(15,285,19.6)
(15,287,45.3)
(15,292,19.8)
(15,294,19.2)
(15,295,20.7)
(15,297,80.1)
(15,299,35.5)
(15,303,20.0)
(15,304,268.0)
(15,306,23.1)
(15,309,36.4)
(15,311,26.8)
(15,312,20.6)
(15,313,20.4)
(15,316,50.3)
(15,324,43.4)
(15,328,26.7)
(15,339,141.6)
(15,342,25.7)
(15,344,24.3)
(15,345,20.8)
(15,346,21.7)
(15,350,28.4)
(15,353,18.3)
(15,355,18.9)
(15,358,19.0)
(15,362,60.9)
(15,363,25.5)
(15,367,26.3)
(15,371,52.0)
(15,373,25.6)
(15,378,61.9)
(15,380,14.1)
(15,382,23.2)
(15,384,19.6)
(15,386,152.0)
(15,387,36.3)
(15,388,16.5)
(15,390,40.1)
(15,394,23.3)
(15,402,31.5)
(15,405,22.2)
(15,407,23.5)
(15,408,22.5)
(15,412,25.3)
(15,417,34.2)
(15,418,34.0)
(15,423,20.3)
(15,426,28.9)
(15,427,42.5)
(15,428,22.9)
(15,430,18.8)
(15,431,20.2)
(15,433,22.4)
(15,434,29.7)
(15,439,22.4)
(15,441,97.5)
(15,442,20.3)
(15,450,62.6)
(15,452,36.1)
(15,457,17.7)
(15,460,21.4)
(15,461,27.9)
(15,463,18.5)
(15,466,21.9)
(15,468,14.1)
(15,471,24.3)
(15,472,16.4)
(15,475,22.4)
(15,479,141.6)
(15,480,19.8)
(15,481,20.6)
(15,483,58.4)
(15,486,55.3)
(15,487,81.4)
(15,500,21.5)
(15,501,40.8)
(15,502,76.9)
(15,505,20.3)
(15,509,16.0)
(15,510,46.7)
(15,514,22.7)
(15,516,92.5)
(15,518,33.3)
(15,519,46.2)
(15,520,23.9)
(15,522,24.6)
(15,523,25.0)
(15,525,40.2)
(15,527,24.2)
(15,528,53.4)
(15,529,20.5)
(15,531,41.5)
(15,533,42.2)
(15,534,21.6)
(15,537,23.2)
(15,544,23.4)
(15,547,15.9)
(15,548,39.6)
(15,550,36.6)
(15,553,37.2)
(15,558,52.7)
(15,559,28.6)
(15,561,19.1)
(15,562,19.1)
(15,563,62.0)
(15,564,241.4)
(15,570,58.5)
(15,574,19.8)
(15,575,20.4)
(15,577,20.0)
(15,580,13.8)
(15,584,30.4)
(15,585,22.4)
(15,587,21.4)
(15,592,39.8)
(15,595,31.0)
(15,596,17.7)
(15,597,29.8)
(15,598,20.7)
(15,599,93.1)
(15,602,100.7)
(15,605,21.3)
(15,607,17.7)
(15,608,23.2)
(15,615,20.9)
(15,620,51.3)
(15,623,71.0)
(15,624,20.2)
(15,626,65.1)
(15,627,21.6)
(15,641,78.4)
(15,646,35.5)
(15,647,48.1)
(15,648,30.4)
(15,652,152.0)
(15,654,22.9)
(15,655,141.6)
(15,659,88.1)
(15,664,18.6)
(15,665,19.7)
(15,671,32.9)
(17,19,3.9)
(17,23,3.9)
(17,30,4.3)
(17,56,2.2)
(17,73,17.3)
(17,77,1.9)
(17,78,1.5)
(17,88,1.7)
(17,102,2.8)
(17,105,2.7)
(17,119,3.5)
(17,130,2.5)
(17,134,2.0)
(17,150,2.2)
(17,152,1.8)
(17,157,2.0)
(17,165,1.9)
(17,199,2.1)
(17,212,7.5)
(17,213,4.4)
(17,220,1.8)
(17,232,3.1)
(17,236,5.1)
(17,240,1.7)
(17,243,1.6)
(17,262,1.7)
(17,268,3.3)
(17,294,3.7)
(17,295,1.6)
(17,299,4.9)
(17,303,1.6)
(17,306,4.0)
(17,311,5.8)
(17,313,1.8)
(17,345,1.6)
(17,353,2.5)
(17,355,2.0)
(17,358,3.0)
(17,380,6.8)
(17,384,2.3)
(17,388,4.0)
(17,423,1.6)
(17,430,1.9)
(17,431,1.5)
(17,452,8.0)
(17,457,2.8)
(17,461,7.5)
(17,463,2.6)
(17,468,9.5)
(17,472,4.0)
(17,480,2.2)
(17,481,1.9)
(17,505,2.0)
(17,509,6.5)
(17,529,2.4)
(17,544,2.1)
(17,547,8.7)
(17,561,1.9)
(17,562,2.0)
(17,564,27.2)
(17,574,2.0)
(17,580,7.7)
(17,587,2.1)
(17,596,2.9)
(17,607,3.0)
(17,608,2.5)
(17,615,2.7)
(17,624,7.9)
(17,627,1.6)
(17,654,5.9)
(17,664,3.5)
(19,21,4.4)
(19,23,5.0)
(19,30,5.1)
(19,34,4.9)
(19,56,4.4)
(19,57,3.9)
(19,73,21.4)
(19,77,3.7)
(19,86,10.5)
(19,88,3.5)
(19,92,12.1)
(19,102,3.4)
(19,105,3.8)
(19,111,3.4)
(19,119,4.0)
(19,130,3.6)
(19,134,3.6)
(19,150,4.0)
(19,165,3.8)
(19,177,5.0)
(19,195,2.8)
(19,212,8.9)
(19,213,6.2)
(19,214,3.4)
(19,220,3.5)
(19,232,3.4)
(19,242,2.8)
(19,243,3.6)
(19,247,3.6)
(19,254,27.0)
(19,262,3.9)
(19,268,4.5)
(19,285,3.2)
(19,292,3.6)
(19,294,5.1)
(19,303,3.1)
(19,306,3.3)
(19,311,4.4)
(19,312,3.2)
(19,342,4.6)
(19,344,4.1)
(19,345,3.2)
(19,353,4.4)
(19,355,4.1)
(19,358,3.2)
(19,380,8.7)
(19,387,5.3)
(19,388,5.0)
(19,390,10.0)
(19,423,3.9)
(19,430,3.9)
(19,431,3.5)
(19,434,5.2)
(19,442,3.5)
(19,452,8.4)
(19,457,4.8)
(19,460,3.3)
(19,461,6.2)
(19,463,3.6)
(19,466,3.6)
(19,468,10.6)
(19,472,5.1)
(19,487,12.1)
(19,505,3.1)
(19,509,6.6)
(19,514,2.2)
(19,516,15.4)
(19,518,4.0)
(19,529,3.1)
(19,534,3.8)
(19,537,3.4)
(19,547,9.8)
(19,548,8.9)
(19,561,3.8)
(19,562,4.1)
(19,564,23.6)
(19,575,3.0)
(19,577,3.3)
(19,580,8.5)
(19,585,3.6)
(19,587,3.5)
(19,596,4.5)
(19,597,5.6)
(19,602,21.3)
(19,605,3.3)
(19,607,4.4)
(19,608,4.4)
(19,624,9.7)
(19,641,13.3)
(19,654,7.1)
(19,659,17.7)
(19,665,3.4)
(21,23,6.8)
(21,30,6.9)
(21,73,22.3)
(21,102,4.0)
(21,105,5.1)
(21,119,5.4)
(21,130,4.6)
(21,195,3.3)
(21,212,11.8)
(21,232,4.4)
(21,268,6.3)
(21,306,5.4)
(21,311,7.9)
(21,344,1.3)
(21,358,4.1)
(21,388,7.0)
(21,452,11.1)
(21,461,10.5)
(21,468,14.1)
(21,472,7.0)
(21,509,9.8)
(21,514,3.6)
(21,518,6.1)
(21,537,1.6)
(21,547,12.9)
(21,564,29.1)
(21,580,11.9)
(21,624,12.9)
(22,23,4.7)
(22,30,5.1)
(22,73,17.5)
(22,77,2.0)
(22,78,1.3)
(22,88,1.8)
(22,105,3.1)
(22,119,4.0)
(22,130,2.8)
(22,134,2.0)
(22,150,1.9)
(22,157,1.7)
(22,165,1.9)
(22,199,1.7)
(22,212,7.9)
(22,213,4.4)
(22,243,1.5)
(22,262,2.0)
(22,268,3.7)
(22,285,2.1)
(22,292,1.9)
(22,294,4.0)
(22,295,1.4)
(22,311,6.4)
(22,313,1.5)
(22,346,1.2)
(22,353,2.6)
(22,355,2.0)
(22,380,6.9)
(22,384,2.0)
(22,388,4.7)
(22,430,2.1)
(22,452,9.0)
(22,457,3.3)
(22,461,8.0)
(22,463,2.8)
(22,468,10.3)
(22,472,4.9)
(22,475,3.9)
(22,480,2.0)
(22,509,7.7)
(22,518,5.2)
(22,547,9.7)
(22,561,1.8)
(22,562,1.9)
(22,564,28.3)
(22,574,1.8)
(22,580,8.4)
(22,596,3.2)
(22,598,1.5)
(22,607,3.2)
(22,615,2.3)
(22,624,8.1)
(22,654,6.2)
(22,664,3.2)
(23,30,3.0)
(23,34,7.0)
(23,48,6.0)
(23,56,3.7)
(23,57,6.1)
(23,72,8.2)
(23,73,15.3)
(23,75,10.1)
(23,77,3.5)
(23,78,4.2)
(23,88,3.5)
(23,93,5.9)
(23,94,5.6)
(23,97,10.3)
(23,99,8.1)
(23,102,3.5)
(23,105,2.9)
(23,111,3.7)
(23,118,8.2)
(23,119,3.2)
(23,125,4.1)
(23,128,5.5)
(23,130,3.0)
(23,134,3.4)
(23,150,3.9)
(23,152,4.6)
(23,157,4.6)
(23,159,9.0)
(23,165,3.6)
(23,176,9.5)
(23,185,5.6)
(23,187,4.6)
(23,195,3.5)
(23,199,5.0)
(23,200,6.9)
(23,212,5.5)
(23,213,5.0)
(23,214,4.9)
(23,220,4.6)
(23,232,3.4)
(23,235,8.3)
(23,236,12.2)
(23,240,4.7)
(23,242,3.8)
(23,243,3.9)
(23,247,4.8)
(23,253,4.6)
(23,262,3.5)
(23,265,11.4)
(23,268,3.1)
(23,283,10.4)
(23,285,3.8)
(23,292,3.6)
(23,294,4.2)
(23,295,4.1)
(23,299,11.7)
(23,303,3.9)
(23,306,4.6)
(23,309,13.3)
(23,311,5.3)
(23,312,4.4)
(23,313,4.2)
(23,342,7.0)
(23,344,6.3)
(23,345,4.3)
(23,346,4.9)
(23,353,3.5)
(23,355,3.5)
(23,358,3.3)
(23,363,7.2)
(23,373,6.8)
(23,380,5.7)
(23,382,6.0)
(23,384,4.0)
(23,387,8.3)
(23,388,2.3)
(23,394,6.0)
(23,405,5.1)
(23,407,5.8)
(23,408,5.8)
(23,417,12.5)
(23,423,4.3)
(23,426,8.0)
(23,427,16.2)
(23,428,5.7)
(23,430,3.3)
(23,431,4.0)
(23,433,5.3)
(23,434,8.4)
(23,439,5.3)
(23,442,4.1)
(23,450,29.0)
(23,452,5.9)
(23,457,3.4)
(23,460,4.7)
(23,461,5.5)
(23,463,3.2)
(23,466,5.4)
(23,468,6.4)
(23,472,2.2)
(23,475,7.2)
(23,480,4.2)
(23,481,4.4)
(23,500,5.1)
(23,505,4.0)
(23,509,3.9)
(23,514,5.4)
(23,518,6.1)
(23,520,6.2)
(23,522,7.0)
(23,523,7.1)
(23,527,6.3)
(23,529,4.1)
(23,534,5.1)
(23,537,5.4)
(23,544,5.9)
(23,547,5.6)
(23,558,17.8)
(23,559,9.3)
(23,561,3.6)
(23,562,3.4)
(23,564,38.2)
(23,574,3.9)
(23,575,4.2)
(23,577,4.0)
(23,580,5.2)
(23,585,5.4)
(23,587,4.5)
(23,596,3.0)
(23,597,8.5)
(23,598,4.1)
(23,605,4.9)
(23,607,3.4)
(23,608,5.9)
(23,615,5.4)
(23,624,6.5)
(23,627,4.8)
(23,647,14.0)
(23,648,9.4)
(23,654,5.0)
(23,664,4.9)
(23,665,3.9)
(23,671,10.6)
(26,73,27.1)
(26,152,3.7)
(26,157,3.9)
(26,199,3.6)
(26,212,15.2)
(26,268,8.9)
(26,353,6.5)
(26,355,5.4)
(26,380,12.8)
(26,384,5.0)
(26,430,5.6)
(26,457,7.7)
(26,468,19.5)
(26,475,5.0)
(26,480,4.9)
(26,481,4.1)
(26,509,16.5)
(26,547,19.0)
(26,574,4.8)
(26,580,16.8)
(26,596,8.0)
(26,615,4.4)
(26,624,15.9)
(26,664,6.4)
(30,34,7.2)
(30,41,15.1)
(30,56,4.5)
(30,57,6.2)
(30,73,17.9)
(30,75,10.6)
(30,77,3.7)
(30,78,4.7)
(30,83,9.9)
(30,88,3.9)
(30,93,6.1)
(30,95,6.4)
(30,99,8.2)
(30,102,3.5)
(30,105,2.8)
(30,111,3.9)
(30,118,8.4)
(30,119,2.4)
(30,120,6.8)
(30,125,4.5)
(30,128,5.6)
(30,130,2.9)
(30,134,3.8)
(30,150,3.9)
(30,152,5.3)
(30,157,5.4)
(30,159,9.4)
(30,160,38.3)
(30,165,3.8)
(30,177,7.5)
(30,185,5.7)
(30,187,4.9)
(30,195,3.6)
(30,199,5.7)
(30,200,7.7)
(30,212,6.2)
(30,213,5.1)
(30,214,5.1)
(30,219,8.4)
(30,220,4.8)
(30,232,3.1)
(30,235,8.5)
(30,236,12.4)
(30,239,6.5)
(30,240,5.0)
(30,242,3.9)
(30,243,4.1)
(30,245,13.7)
(30,247,4.8)
(30,253,4.8)
(30,262,4.2)
(30,265,11.4)
(30,268,3.4)
(30,282,7.4)
(30,285,3.8)
(30,292,3.8)
(30,294,3.9)
(30,295,4.4)
(30,303,4.2)
(30,306,3.4)
(30,311,4.0)
(30,312,4.6)
(30,313,4.6)
(30,328,8.3)
(30,342,7.1)
(30,344,6.4)
(30,345,4.6)
(30,346,5.2)
(30,350,10.0)
(30,353,4.0)
(30,355,4.1)
(30,358,3.1)
(30,363,7.2)
(30,367,8.6)
(30,373,6.9)
(30,380,6.7)
(30,382,6.4)
(30,384,4.7)
(30,387,8.2)
(30,388,2.6)
(30,394,6.4)
(30,405,5.3)
(30,407,6.1)
(30,408,5.9)
(30,412,7.8)
(30,423,4.8)
(30,428,6.3)
(30,430,3.9)
(30,431,4.2)
(30,433,6.0)
(30,434,8.5)
(30,439,5.5)
(30,442,4.3)
(30,452,4.9)
(30,457,4.1)
(30,460,4.9)
(30,461,4.9)
(30,463,2.9)
(30,466,5.4)
(30,468,7.1)
(30,471,7.2)
(30,472,2.5)
(30,480,4.8)
(30,481,5.3)
(30,500,5.5)
(30,505,4.2)
(30,509,4.0)
(30,510,13.3)
(30,514,5.5)
(30,518,5.2)
(30,520,6.7)
(30,523,7.5)
(30,527,6.6)
(30,529,4.3)
(30,533,12.7)
(30,534,5.2)
(30,537,5.5)
(30,544,6.7)
(30,547,5.8)
(30,550,12.6)
(30,558,18.3)
(30,559,9.3)
(30,561,4.1)
(30,562,3.8)
(30,564,24.4)
(30,574,4.5)
(30,575,4.2)
(30,577,4.2)
(30,580,5.7)
(30,585,5.5)
(30,587,4.8)
(30,595,10.3)
(30,596,3.5)
(30,597,8.6)
(30,598,4.3)
(30,605,5.0)
(30,607,3.4)
(30,608,6.1)
(30,615,6.4)
(30,624,7.1)
(30,627,5.1)
(30,647,14.2)
(30,654,5.0)
(30,664,6.0)
(30,665,3.9)
(30,671,11.3)
(34,73,22.6)
(34,102,4.1)
(34,105,5.3)
(34,119,5.6)
(34,130,4.7)
(34,195,3.3)
(34,212,12.0)
(34,214,1.6)
(34,232,4.6)
(34,242,2.9)
(34,268,6.5)
(34,311,8.8)
(34,358,4.3)
(34,388,7.2)
(34,452,11.5)
(34,461,11.1)
(34,463,4.7)
(34,468,14.4)
(34,472,7.1)
(34,509,10.1)
(34,547,13.2)
(34,564,30.8)
(34,580,12.3)
(34,624,13.1)
(36,564,268.0)
(41,73,33.0)
(41,77,8.3)
(41,119,12.0)
(41,213,13.1)
(41,461,20.3)
(41,468,24.9)
(41,564,43.1)
(41,580,21.3)
(41,624,20.7)
(41,654,16.7)
(43,564,268.0)
(48,56,2.7)
(48,72,2.6)
(48,73,17.9)
(48,77,3.1)
(48,78,2.3)
(48,88,3.0)
(48,94,1.8)
(48,105,4.5)
(48,134,3.0)
(48,149,3.9)
(48,152,2.0)
(48,157,1.7)
(48,165,3.0)
(48,176,3.6)
(48,199,1.7)
(48,200,2.9)
(48,205,7.0)
(48,212,8.3)
(48,213,4.5)
(48,243,2.8)
(48,250,8.0)
(48,262,2.7)
(48,268,4.3)
(48,270,5.5)
(48,287,7.5)
(48,313,2.6)
(48,353,3.2)
(48,355,2.7)
(48,380,6.6)
(48,384,2.4)
(48,388,6.0)
(48,402,3.4)
(48,423,2.3)
(48,426,2.7)
(48,428,2.2)
(48,430,3.0)
(48,433,2.0)
(48,452,12.2)
(48,457,3.6)
(48,461,11.0)
(48,468,11.4)
(48,472,6.5)
(48,475,2.7)
(48,480,2.2)
(48,481,2.0)
(48,501,4.8)
(48,509,9.3)
(48,544,2.1)
(48,547,10.5)
(48,553,3.8)
(48,561,2.7)
(48,562,3.0)
(48,563,9.8)
(48,564,46.8)
(48,574,2.3)
(48,580,9.1)
(48,584,3.2)
(48,596,4.0)
(48,607,4.3)
(48,615,1.5)
(48,624,8.2)
(48,654,7.3)
(48,664,2.5)
(56,72,3.9)
(56,73,15.7)
(56,77,2.0)
(56,78,2.1)
(56,88,1.9)
(56,94,2.6)
(56,97,6.6)
(56,102,3.6)
(56,105,2.7)
(56,111,2.2)
(56,119,3.8)
(56,125,1.9)
(56,130,2.5)
(56,134,2.0)
(56,149,5.8)
(56,150,2.4)
(56,152,2.2)
(56,157,2.2)
(56,165,2.1)
(56,187,2.3)
(56,195,2.8)
(56,199,2.2)
(56,212,6.4)
(56,213,3.7)
(56,232,3.6)
(56,240,2.6)
(56,242,3.0)
(56,253,2.5)
(56,262,1.9)
(56,268,2.5)
(56,270,8.6)
(56,275,6.2)
(56,292,2.2)
(56,294,3.8)
(56,295,2.2)
(56,303,2.1)
(56,306,4.4)
(56,311,6.0)
(56,345,2.4)
(56,353,2.2)
(56,355,2.1)
(56,358,3.3)
(56,380,5.4)
(56,382,3.2)
(56,384,2.2)
(56,388,3.7)
(56,402,4.5)
(56,423,2.2)
(56,426,3.9)
(56,428,2.8)
(56,430,2.0)
(56,431,2.1)
(56,433,2.6)
(56,442,2.2)
(56,452,8.4)
(56,457,1.9)
(56,460,2.8)
(56,461,6.9)
(56,463,2.8)
(56,468,8.6)
(56,472,4.0)
(56,475,3.9)
(56,480,1.7)
(56,481,2.0)
(56,500,2.7)
(56,501,7.2)
(56,505,2.6)
(56,509,6.1)
(56,518,5.6)
(56,519,12.1)
(56,522,3.8)
(56,529,3.1)
(56,544,3.0)
(56,547,7.6)
(56,553,5.8)
(56,561,1.9)
(56,562,2.1)
(56,564,35.2)
(56,574,1.9)
(56,575,2.9)
(56,577,2.3)
(56,580,6.6)
(56,585,3.7)
(56,587,3.2)
(56,596,2.4)
(56,598,2.2)
(56,607,2.7)
(56,615,2.4)
(56,624,6.4)
(56,654,5.1)
(56,664,2.7)
(56,665,2.4)
(57,73,21.3)
(57,102,3.5)
(57,105,4.5)
(57,119,4.8)
(57,130,4.0)
(57,195,2.8)
(57,212,10.9)
(57,232,3.9)
(57,242,2.4)
(57,268,5.6)
(57,285,2.8)
(57,306,4.8)
(57,311,7.2)
(57,358,3.6)
(57,388,6.3)
(57,452,10.3)
(57,461,9.6)
(57,463,3.9)
(57,468,13.1)
(57,472,6.2)
(57,509,9.0)
(57,514,3.3)
(57,518,5.5)
(57,529,2.1)
(57,537,1.4)
(57,547,12.1)
(57,564,28.3)
(57,575,2.1)
(57,580,11.0)
(57,624,11.5)
(57,654,8.2)
(61,73,33.2)
(61,212,21.3)
(61,213,14.4)
(61,294,14.0)
(61,380,19.2)
(61,468,25.8)
(61,500,6.0)
(61,547,26.7)
(61,580,22.8)
(61,624,21.4)
(61,654,19.0)
(67,564,268.0)
(68,73,36.4)
(68,212,23.7)
(68,294,15.6)
(68,452,25.6)
(68,468,27.8)
(68,509,23.2)
(68,547,26.5)
(68,624,24.3)
(68,654,20.9)
(72,73,22.4)
(72,94,2.0)
(72,134,4.2)
(72,152,2.6)
(72,157,2.6)
(72,199,2.4)
(72,212,11.4)
(72,213,6.8)
(72,262,3.8)
(72,268,6.4)
(72,270,2.3)
(72,353,4.7)
(72,355,3.9)
(72,380,9.7)
(72,384,3.6)
(72,388,8.2)
(72,426,1.2)
(72,457,5.4)
(72,461,16.0)
(72,468,15.0)
(72,475,3.7)
(72,480,3.5)
(72,481,2.8)
(72,509,12.8)
(72,544,2.0)
(72,547,15.0)
(72,553,1.6)
(72,574,3.4)
(72,580,12.4)
(72,596,5.8)
(72,615,3.1)
(72,624,11.4)
(72,654,9.8)
(72,664,4.6)
(73,75,24.9)
(73,77,15.9)
(73,78,17.0)
(73,83,24.3)
(73,84,54.9)
(73,88,16.1)
(73,91,62.8)
(73,92,56.8)
(73,93,19.6)
(73,94,18.7)
(73,95,20.3)
(73,97,26.2)
(73,99,25.0)
(73,102,19.5)
(73,105,14.9)
(73,111,16.8)
(73,118,24.8)
(73,119,16.4)
(73,120,20.8)
(73,124,268.0)
(73,125,16.9)
(73,128,18.9)
(73,130,15.3)
(73,133,50.2)
(73,134,15.9)
(73,148,37.3)
(73,149,26.1)
(73,150,16.1)
(73,152,17.2)
(73,157,17.0)
(73,159,24.7)
(73,165,16.0)
(73,169,268.0)
(73,175,62.9)
(73,176,24.2)
(73,177,22.2)
(73,178,45.5)
(73,185,19.3)
(73,187,17.4)
(73,189,50.8)
(73,195,17.0)
(73,199,17.4)
(73,200,20.8)
(73,201,34.1)
(73,205,36.3)
(73,212,10.4)
(73,213,13.6)
(73,214,18.7)
(73,219,22.3)
(73,220,18.4)
(73,230,90.4)
(73,232,19.1)
(73,234,59.1)
(73,235,22.7)
(73,239,20.5)
(73,240,18.1)
(73,242,17.6)
(73,243,16.3)
(73,245,30.6)
(73,247,18.0)
(73,250,42.5)
(73,251,86.4)
(73,253,17.7)
(73,262,15.9)
(73,268,14.4)
(73,270,34.4)
(73,273,126.3)
(73,275,25.3)
(73,282,21.4)
(73,283,26.1)
(73,285,16.7)
(73,287,35.5)
(73,292,16.7)
(73,294,14.3)
(73,295,17.2)
(73,297,69.5)
(73,299,31.2)
(73,303,17.1)
(73,306,23.2)
(73,309,30.6)
(73,311,28.3)
(73,312,17.6)
(73,313,16.8)
(73,316,37.7)
(73,324,33.2)
(73,328,22.9)
(73,339,126.3)
(73,342,22.7)
(73,344,21.3)
(73,345,17.8)
(73,346,18.0)
(73,350,24.4)
(73,353,15.3)
(73,355,15.9)
(73,358,16.9)
(73,362,50.2)
(73,363,22.0)
(73,367,22.3)
(73,371,41.2)
(73,373,22.2)
(73,378,51.1)
(73,380,11.2)
(73,382,19.4)
(73,384,16.1)
(73,388,14.1)
(73,390,34.9)
(73,394,19.4)
(73,402,23.7)
(73,405,18.7)
(73,407,19.9)
(73,408,19.3)
(73,412,21.5)
(73,417,28.4)
(73,418,26.8)
(73,423,17.1)
(73,426,22.2)
(73,427,35.7)
(73,428,18.9)
(73,430,15.8)
(73,431,17.1)
(73,433,18.4)
(73,434,26.9)
(73,439,18.9)
(73,442,17.2)
(73,450,52.4)
(73,452,37.5)
(73,457,14.7)
(73,460,18.5)
(73,461,28.2)
(73,463,15.6)
(73,466,18.9)
(73,468,10.6)
(73,471,20.5)
(73,472,15.5)
(73,475,17.0)
(73,479,126.3)
(73,480,16.2)
(73,481,16.8)
(73,483,45.9)
(73,486,44.8)
(73,500,17.8)
(73,501,30.1)
(73,502,71.1)
(73,505,18.1)
(73,509,19.2)
(73,514,22.4)
(73,518,31.3)
(73,519,37.5)
(73,520,20.1)
(73,522,20.6)
(73,523,21.1)
(73,525,34.0)
(73,527,20.6)
(73,528,46.4)
(73,529,18.0)
(73,531,35.1)
(73,534,18.5)
(73,537,20.4)
(73,544,19.4)
(73,547,17.1)
(73,548,35.8)
(73,550,32.5)
(73,553,27.0)
(73,559,25.1)
(73,560,144.5)
(73,561,16.1)
(73,562,16.0)
(73,563,51.2)
(73,564,232.0)
(73,570,45.5)
(73,572,268.0)
(73,574,16.2)
(73,575,17.6)
(73,577,17.1)
(73,580,10.9)
(73,582,87.9)
(73,584,23.6)
(73,585,19.8)
(73,587,19.2)
(73,592,33.0)
(73,595,27.4)
(73,596,14.7)
(73,597,26.7)
(73,598,17.2)
(73,599,77.8)
(73,603,59.0)
(73,605,18.6)
(73,607,14.8)
(73,608,20.6)
(73,615,16.8)
(73,620,40.5)
(73,623,58.4)
(73,624,15.8)
(73,626,59.5)
(73,627,18.0)
(73,646,29.6)
(73,648,24.7)
(73,654,18.1)
(73,655,126.3)
(73,664,15.0)
(73,665,16.7)
(73,671,27.2)
(75,212,14.6)
(75,380,13.3)
(75,452,15.1)
(75,461,15.1)
(75,468,17.4)
(75,509,13.8)
(75,547,16.4)
(75,564,36.0)
(75,580,15.2)
(75,596,8.4)
(75,624,15.1)
(75,654,12.2)
(77,78,1.7)
(77,88,1.4)
(77,94,2.5)
(77,102,3.0)
(77,105,2.2)
(77,111,1.6)
(77,119,2.9)
(77,125,1.6)
(77,130,1.8)
(77,134,1.4)
(77,150,1.9)
(77,152,2.0)
(77,157,2.2)
(77,165,1.5)
(77,185,2.9)
(77,187,2.0)
(77,195,2.2)
(77,199,2.4)
(77,212,6.6)
(77,213,3.3)
(77,214,2.5)
(77,220,2.2)
(77,232,3.0)
(77,240,2.3)
(77,242,2.5)
(77,243,1.5)
(77,247,2.3)
(77,253,2.0)
(77,262,1.7)
(77,268,2.6)
(77,285,1.9)
(77,292,1.7)
(77,294,3.1)
(77,295,1.6)
(77,303,1.7)
(77,306,3.6)
(77,311,4.9)
(77,312,2.2)
(77,313,1.8)
(77,328,4.5)
(77,345,2.0)
(77,346,2.2)
(77,353,1.9)
(77,355,1.5)
(77,358,2.7)
(77,380,5.9)
(77,384,2.0)
(77,388,3.5)
(77,394,3.0)
(77,423,2.0)
(77,428,2.6)
(77,430,1.5)
(77,431,1.7)
(77,433,2.4)
(77,442,1.7)
(77,452,7.5)
(77,457,2.4)
(77,460,2.4)
(77,461,6.2)
(77,463,2.1)
(77,468,8.7)
(77,472,3.6)
(77,475,4.5)
(77,480,2.0)
(77,481,2.3)
(77,500,2.4)
(77,505,2.3)
(77,509,6.0)
(77,514,3.6)
(77,518,4.3)
(77,547,8.1)
(77,561,1.4)
(77,562,1.5)
(77,564,25.7)
(77,574,1.7)
(77,575,2.4)
(77,577,1.6)
(77,580,6.8)
(77,596,2.4)
(77,598,1.7)
(77,607,2.2)
(77,615,2.9)
(77,624,6.7)
(77,627,2.1)
(77,654,4.8)
(77,664,2.9)
(77,665,1.8)
(78,88,1.5)
(78,94,1.6)
(78,105,2.7)
(78,111,1.7)
(78,119,3.7)
(78,130,2.5)
(78,134,1.7)
(78,150,1.8)
(78,152,1.3)
(78,157,1.6)
(78,165,1.6)
(78,187,1.4)
(78,199,1.7)
(78,212,7.4)
(78,213,4.0)
(78,232,3.6)
(78,243,1.4)
(78,262,1.7)
(78,268,3.2)
(78,285,2.1)
(78,292,1.7)
(78,294,3.7)
(78,295,1.4)
(78,303,1.5)
(78,306,4.3)
(78,311,6.3)
(78,313,1.4)
(78,345,1.6)
(78,353,2.2)
(78,355,1.7)
(78,380,6.4)
(78,384,1.8)
(78,388,4.2)
(78,430,1.7)
(78,452,8.4)
(78,457,2.8)
(78,461,7.7)
(78,463,2.6)
(78,468,9.8)
(78,472,4.4)
(78,475,3.7)
(78,480,1.7)
(78,481,1.8)
(78,509,7.1)
(78,544,1.8)
(78,547,9.0)
(78,561,1.5)
(78,562,1.7)
(78,564,28.4)
(78,574,1.5)
(78,580,7.9)
(78,596,2.8)
(78,598,1.5)
(78,607,2.8)
(78,615,2.2)
(78,624,7.6)
(78,627,1.3)
(78,654,5.8)
(78,664,2.8)
(78,665,1.9)
(83,119,8.1)
(83,212,14.1)
(83,380,12.9)
(83,388,9.7)
(83,452,14.3)
(83,461,14.5)
(83,468,16.7)
(83,472,9.7)
(83,509,13.0)
(83,547,15.7)
(83,564,35.2)
(83,580,14.5)
(83,624,14.5)
(83,654,11.7)
(84,212,38.1)
(84,380,32.7)
(84,475,13.2)
(84,624,38.2)
(84,664,19.8)
(85,564,268.0)
(86,306,14.4)
(86,311,20.2)
(86,452,25.5)
(86,461,26.3)
(86,509,24.6)
(86,514,8.8)
(86,547,34.2)
(86,564,44.4)
(86,602,2.1)
(86,659,1.7)
(88,93,2.8)
(88,94,2.3)
(88,102,2.8)
(88,105,2.2)
(88,111,1.3)
(88,119,3.0)
(88,125,1.5)
(88,130,1.9)
(88,134,1.5)
(88,150,1.7)
(88,152,1.8)
(88,157,2.2)
(88,165,1.4)
(88,187,1.7)
(88,195,2.1)
(88,212,6.7)
(88,213,3.6)
(88,220,1.9)
(88,232,2.9)
(88,240,1.9)
(88,242,2.3)
(88,243,1.4)
(88,253,1.8)
(88,262,1.5)
(88,268,2.6)
(88,285,1.9)
(88,292,1.3)
(88,294,3.0)
(88,295,1.4)
(88,303,1.4)
(88,306,3.4)
(88,311,4.9)
(88,312,1.9)
(88,313,1.6)
(88,345,1.7)
(88,353,2.0)
(88,355,1.6)
(88,358,2.5)
(88,380,5.9)
(88,382,2.7)
(88,384,1.9)
(88,388,3.5)
(88,407,2.8)
(88,430,1.5)
(88,431,1.4)
(88,442,1.5)
(88,452,7.5)
(88,457,2.4)
(88,460,2.1)
(88,461,6.5)
(88,463,2.0)
(88,468,8.9)
(88,472,3.6)
(88,475,4.4)
(88,480,1.9)
(88,481,2.2)
(88,500,2.0)
(88,505,2.0)
(88,509,6.0)
(88,514,3.3)
(88,518,4.1)
(88,529,2.3)
(88,547,8.1)
(88,561,1.4)
(88,562,1.4)
(88,564,26.0)
(88,574,1.8)
(88,575,2.2)
(88,577,1.6)
(88,580,7.1)
(88,596,2.3)
(88,598,1.4)
(88,607,2.3)
(88,615,2.8)
(88,624,6.9)
(88,627,1.9)
(88,654,5.0)
(88,664,2.9)
(88,665,1.6)
(91,213,29.2)
(91,380,38.0)
(91,475,15.4)
(91,624,44.1)
(92,212,36.5)
(92,311,22.3)
(92,461,29.6)
(92,487,3.1)
(92,514,10.1)
(92,518,15.9)
(92,564,47.4)
(92,590,29.0)
(93,105,4.3)
(93,119,4.8)
(93,130,3.9)
(93,212,9.8)
(93,213,6.0)
(93,232,4.1)
(93,268,5.3)
(93,292,2.6)
(93,294,5.1)
(93,306,5.0)
(93,311,7.2)
(93,358,3.7)
(93,380,9.1)
(93,388,6.0)
(93,452,10.1)
(93,461,9.3)
(93,463,3.8)
(93,468,12.1)
(93,472,6.0)
(93,509,9.0)
(93,518,5.7)
(93,547,11.3)
(93,562,3.1)
(93,564,28.8)
(93,580,10.2)
(93,607,4.5)
(93,624,10.2)
(93,654,7.7)
(94,105,4.0)
(94,125,1.7)
(94,134,2.5)
(94,152,1.4)
(94,157,1.6)
(94,165,2.4)
(94,199,1.5)
(94,212,9.0)
(94,213,5.0)
(94,262,2.3)
(94,268,4.3)
(94,353,3.0)
(94,355,2.3)
(94,380,7.5)
(94,384,2.2)
(94,388,5.6)
(94,426,1.9)
(94,430,2.5)
(94,433,1.2)
(94,452,10.7)
(94,457,3.7)
(94,461,10.2)
(94,468,11.7)
(94,472,6.0)
(94,475,3.6)
(94,480,2.1)
(94,481,1.7)
(94,509,8.9)
(94,547,10.9)
(94,561,2.3)
(94,562,2.4)
(94,564,33.0)
(94,574,2.1)
(94,580,9.6)
(94,596,3.8)
(94,607,3.9)
(94,615,2.1)
(94,624,9.0)
(94,654,7.2)
(94,664,3.3)
(95,102,3.9)
(95,105,4.6)
(95,119,5.1)
(95,165,3.1)
(95,212,10.3)
(95,243,2.6)
(95,262,3.2)
(95,285,2.8)
(95,294,5.3)
(95,306,5.2)
(95,311,7.6)
(95,380,9.5)
(95,388,6.3)
(95,452,10.5)
(95,457,5.1)
(95,461,9.7)
(95,463,4.0)
(95,468,12.6)
(95,472,6.4)
(95,509,9.3)
(95,518,5.9)
(95,547,11.8)
(95,564,29.1)
(95,580,10.7)
(95,596,4.9)
(95,607,4.7)
(95,624,10.8)
(95,654,8.1)
(95,665,2.7)
(97,212,15.0)
(97,268,9.3)
(97,380,13.4)
(97,388,10.5)
(97,452,16.7)
(97,457,8.5)
(97,461,18.1)
(97,468,18.0)
(97,472,10.7)
(97,509,14.6)
(97,547,17.0)
(97,580,15.8)
(97,596,8.5)
(97,624,15.9)
(99,119,6.6)
(99,212,13.8)
(99,232,5.5)
(99,294,7.1)
(99,306,6.7)
(99,311,9.7)
(99,358,5.0)
(99,388,8.4)
(99,452,12.7)
(99,461,12.5)
(99,463,5.6)
(99,468,16.2)
(99,472,8.2)
(99,509,11.6)
(99,529,3.1)
(99,547,14.9)
(99,564,32.2)
(99,575,3.1)
(99,580,14.0)
(102,105,3.0)
(102,111,2.8)
(102,118,4.9)
(102,119,2.6)
(102,130,2.8)
(102,134,2.9)
(102,165,3.1)
(102,185,3.3)
(102,195,2.0)
(102,212,8.1)
(102,213,5.6)
(102,214,2.8)
(102,220,2.7)
(102,232,1.9)
(102,236,7.1)
(102,240,3.1)
(102,242,2.1)
(102,243,3.0)
(102,262,3.0)
(102,265,5.9)
(102,268,3.8)
(102,285,2.5)
(102,292,3.0)
(102,294,3.9)
(102,299,7.4)
(102,303,2.5)
(102,306,3.3)
(102,311,4.7)
(102,312,2.7)
(102,342,3.9)
(102,345,2.7)
(102,353,3.8)
(102,355,3.5)
(102,358,2.1)
(102,363,4.2)
(102,373,3.9)
(102,380,8.2)
(102,387,4.3)
(102,388,3.8)
(102,405,3.1)
(102,407,3.6)
(102,408,3.5)
(102,423,3.1)
(102,430,3.2)
(102,431,2.5)
(102,434,4.6)
(102,439,3.2)
(102,442,2.8)
(102,452,7.3)
(102,457,3.8)
(102,460,2.7)
(102,461,6.9)
(102,463,2.7)
(102,466,3.0)
(102,468,9.3)
(102,472,3.3)
(102,481,4.0)
(102,497,25.1)
(102,505,2.2)
(102,509,5.3)
(102,510,7.6)
(102,514,3.5)
(102,518,4.6)
(102,529,2.2)
(102,537,3.0)
(102,547,7.8)
(102,562,3.3)
(102,564,24.9)
(102,575,2.3)
(102,577,2.7)
(102,580,7.7)
(102,585,3.0)
(102,587,2.4)
(102,595,6.2)
(102,596,3.8)
(102,597,4.9)
(102,598,2.9)
(102,605,2.8)
(102,607,3.7)
(102,608,3.4)
(102,624,8.9)
(102,647,8.5)
(102,654,6.5)
(102,665,2.8)
(105,111,2.4)
(105,119,2.4)
(105,120,4.9)
(105,125,2.7)
(105,128,3.9)
(105,130,1.8)
(105,134,2.1)
(105,150,2.5)
(105,152,3.1)
(105,157,3.4)
(105,159,7.2)
(105,165,2.2)
(105,177,5.2)
(105,187,3.2)
(105,195,2.3)
(105,199,3.5)
(105,212,5.6)
(105,213,3.7)
(105,214,3.4)
(105,220,3.2)
(105,232,2.8)
(105,240,3.2)
(105,242,2.7)
(105,243,2.4)
(105,247,3.2)
(105,253,3.1)
(105,262,2.4)
(105,268,2.1)
(105,282,5.2)
(105,285,2.3)
(105,292,2.4)
(105,294,3.3)
(105,295,2.7)
(105,303,2.6)
(105,306,3.3)
(105,311,4.1)
(105,312,3.0)
(105,313,2.8)
(105,342,5.3)
(105,344,4.5)
(105,345,2.9)
(105,346,3.3)
(105,353,2.3)
(105,355,2.4)
(105,358,2.6)
(105,367,6.4)
(105,373,5.1)
(105,380,5.4)
(105,384,2.8)
(105,388,2.3)
(105,394,4.4)
(105,405,3.7)
(105,407,4.3)
(105,408,4.2)
(105,423,2.9)
(105,428,4.0)
(105,430,2.1)
(105,431,2.6)
(105,433,3.7)
(105,439,3.8)
(105,442,2.7)
(105,452,6.3)
(105,457,2.5)
(105,460,3.3)
(105,461,5.3)
(105,463,1.8)
(105,466,3.8)
(105,468,7.8)
(105,472,2.9)
(105,475,5.8)
(105,480,2.9)
(105,481,3.2)
(105,505,2.9)
(105,509,5.0)
(105,514,4.0)
(105,518,4.2)
(105,520,4.5)
(105,522,5.2)
(105,523,5.3)
(105,527,4.6)
(105,529,3.0)
(105,534,3.5)
(105,537,4.0)
(105,544,4.3)
(105,547,7.1)
(105,550,9.4)
(105,561,2.4)
(105,562,2.0)
(105,564,25.6)
(105,574,2.6)
(105,575,3.0)
(105,577,2.6)
(105,580,5.9)
(105,585,4.1)
(105,587,3.5)
(105,596,2.0)
(105,598,2.7)
(105,605,3.5)
(105,607,2.1)
(105,608,4.5)
(105,615,4.0)
(105,624,5.7)
(105,627,3.3)
(105,648,7.4)
(105,654,4.1)
(105,664,3.7)
(105,665,2.6)
(110,311,51.9)
(110,461,73.6)
(110,487,7.3)
(110,516,6.0)
(110,518,38.5)
(110,564,90.7)
(111,119,3.0)
(111,125,1.7)
(111,128,2.2)
(111,130,2.1)
(111,134,1.6)
(111,150,1.6)
(111,152,2.0)
(111,165,1.5)
(111,187,1.6)
(111,195,1.8)
(111,212,7.1)
(111,213,4.0)
(111,220,1.8)
(111,232,2.7)
(111,239,2.7)
(111,240,1.9)
(111,242,2.1)
(111,243,1.6)
(111,247,1.7)
(111,253,1.6)
(111,262,1.8)
(111,268,2.9)
(111,285,1.6)
(111,292,1.3)
(111,294,3.1)
(111,295,1.5)
(111,303,1.5)
(111,306,3.2)
(111,311,4.9)
(111,312,1.8)
(111,313,1.7)
(111,345,1.6)
(111,353,2.2)
(111,355,1.9)
(111,358,2.3)
(111,380,6.5)
(111,382,2.4)
(111,384,2.2)
(111,388,3.7)
(111,430,1.8)
(111,439,2.2)
(111,442,1.3)
(111,452,7.7)
(111,457,2.6)
(111,460,2.0)
(111,461,6.7)
(111,463,2.0)
(111,468,9.3)
(111,472,3.8)
(111,480,2.2)
(111,500,1.9)
(111,505,2.0)
(111,509,6.2)
(111,514,3.1)
(111,518,3.9)
(111,547,8.5)
(111,561,1.6)
(111,562,1.7)
(111,564,25.8)
(111,574,2.0)
(111,575,2.0)
(111,577,1.4)
(111,580,7.4)
(111,596,2.6)
(111,598,1.4)
(111,605,2.2)
(111,607,2.4)
(111,624,7.5)
(111,627,1.8)
(111,654,5.3)
(111,664,3.5)
(111,665,1.3)
(118,119,6.6)
(118,195,4.1)
(118,232,5.6)
(118,242,3.6)
(118,311,10.2)
(118,388,8.4)
(118,452,12.9)
(118,461,12.6)
(118,463,5.7)
(118,468,16.4)
(118,472,8.3)
(118,509,11.6)
(118,547,14.9)
(118,564,32.5)
(118,580,13.9)
(118,624,14.4)
(118,654,10.7)
(119,120,5.5)
(119,125,3.5)
(119,128,4.4)
(119,130,2.6)
(119,134,2.9)
(119,150,3.3)
(119,157,4.6)
(119,159,7.7)
(119,165,3.0)
(119,177,5.8)
(119,185,4.4)
(119,187,3.9)
(119,195,2.5)
(119,199,4.7)
(119,212,6.6)
(119,213,4.3)
(119,214,3.9)
(119,220,3.6)
(119,232,2.0)
(119,239,5.1)
(119,240,3.9)
(119,242,2.8)
(119,243,3.1)
(119,247,3.6)
(119,253,3.6)
(119,262,3.4)
(119,265,8.9)
(119,268,3.2)
(119,285,2.7)
(119,292,3.0)
(119,294,3.5)
(119,295,3.3)
(119,303,3.1)
(119,306,3.0)
(119,311,3.8)
(119,312,3.5)
(119,313,3.7)
(119,328,6.7)
(119,342,5.4)
(119,344,4.9)
(119,345,3.4)
(119,346,4.0)
(119,353,3.6)
(119,355,3.5)
(119,358,2.1)
(119,363,5.7)
(119,373,5.3)
(119,380,7.1)
(119,384,3.9)
(119,387,6.4)
(119,388,3.0)
(119,405,4.0)
(119,407,4.8)
(119,408,4.6)
(119,423,3.7)
(119,430,3.3)
(119,431,3.1)
(119,434,6.6)
(119,439,4.2)
(119,442,3.3)
(119,452,6.5)
(119,457,3.7)
(119,460,3.7)
(119,461,5.3)
(119,463,2.3)
(119,466,4.1)
(119,468,7.5)
(119,472,2.9)
(119,480,4.2)
(119,481,4.4)
(119,505,3.2)
(119,509,5.0)
(119,510,10.6)
(119,514,4.3)
(119,518,4.0)
(119,525,13.1)
(119,527,5.3)
(119,529,3.1)
(119,533,10.2)
(119,534,4.0)
(119,537,4.1)
(119,547,7.3)
(119,550,10.0)
(119,559,7.4)
(119,561,3.3)
(119,562,3.2)
(119,564,23.9)
(119,574,3.8)
(119,575,3.0)
(119,577,3.1)
(119,580,5.9)
(119,585,4.2)
(119,587,3.7)
(119,596,3.4)
(119,597,6.8)
(119,598,3.2)
(119,605,3.8)
(119,607,2.9)
(119,608,4.7)
(119,624,6.6)
(119,627,4.1)
(119,646,9.9)
(119,647,11.8)
(119,654,4.8)
(119,664,5.4)
(119,665,3.0)
(120,130,4.4)
(120,165,3.5)
(120,212,10.7)
(120,268,5.8)
(120,306,5.6)
(120,311,8.0)
(120,380,9.9)
(120,388,6.7)
(120,452,10.9)
(120,457,5.4)
(120,461,10.1)
(120,463,4.4)
(120,468,13.2)
(120,472,6.8)
(120,509,9.8)
(120,518,6.2)
(120,547,12.3)
(120,564,29.7)
(120,580,11.1)
(120,596,5.2)
(120,607,5.1)
(120,624,11.2)
(120,654,8.4)
(125,130,2.4)
(125,134,1.7)
(125,150,1.8)
(125,152,1.5)
(125,157,1.8)
(125,165,1.7)
(125,195,2.2)
(125,212,7.3)
(125,213,3.9)
(125,232,3.2)
(125,243,1.4)
(125,262,1.7)
(125,268,3.2)
(125,292,1.7)
(125,294,3.6)
(125,295,1.3)
(125,303,1.4)
(125,306,4.0)
(125,311,5.8)
(125,353,2.2)
(125,355,1.7)
(125,358,2.8)
(125,380,6.4)
(125,384,1.9)
(125,388,4.1)
(125,423,1.5)
(125,428,1.7)
(125,430,1.7)
(125,431,1.4)
(125,433,1.6)
(125,442,1.3)
(125,452,8.3)
(125,457,2.8)
(125,461,7.3)
(125,463,2.5)
(125,468,9.6)
(125,472,4.2)
(125,475,4.0)
(125,480,1.8)
(125,481,1.8)
(125,505,1.9)
(125,509,7.0)
(125,518,4.7)
(125,547,8.9)
(125,561,1.5)
(125,562,1.7)
(125,564,27.3)
(125,574,1.6)
(125,577,1.4)
(125,580,7.8)
(125,596,2.8)
(125,598,1.4)
(125,607,2.8)
(125,615,2.4)
(125,624,7.5)
(125,654,5.6)
(125,664,2.9)
(125,665,1.8)
(128,150,2.5)
(128,165,2.5)
(128,212,9.1)
(128,213,5.4)
(128,262,2.7)
(128,268,4.7)
(128,292,2.3)
(128,294,4.6)
(128,306,4.6)
(128,311,6.8)
(128,313,2.0)
(128,353,3.5)
(128,358,3.4)
(128,380,8.4)
(128,384,2.8)
(128,388,5.5)
(128,412,1.6)
(128,452,9.6)
(128,461,8.7)
(128,463,3.5)
(128,468,11.4)
(128,472,5.5)
(128,509,8.5)
(128,518,5.3)
(128,534,1.4)
(128,547,10.8)
(128,561,2.6)
(128,564,28.4)
(128,580,9.5)
(128,596,4.1)
(128,607,3.9)
(128,624,9.5)
(128,654,7.1)
(128,665,2.1)
(130,134,1.8)
(130,150,2.2)
(130,152,2.9)
(130,157,3.1)
(130,165,2.0)
(130,185,3.6)
(130,187,2.7)
(130,195,2.2)
(130,199,3.3)
(130,212,5.8)
(130,213,3.6)
(130,214,3.1)
(130,220,2.8)
(130,232,2.7)
(130,240,2.9)
(130,242,2.6)
(130,243,2.1)
(130,247,2.9)
(130,253,2.7)
(130,262,2.3)
(130,268,1.9)
(130,282,4.8)
(130,285,2.2)
(130,292,2.1)
(130,294,2.9)
(130,295,2.3)
(130,303,2.2)
(130,306,3.3)
(130,311,4.2)
(130,312,2.7)
(130,313,2.5)
(130,328,5.5)
(130,344,4.0)
(130,345,2.5)
(130,346,2.9)
(130,353,2.3)
(130,355,2.1)
(130,358,2.4)
(130,363,4.9)
(130,380,5.6)
(130,382,3.9)
(130,384,2.7)
(130,388,2.8)
(130,394,3.9)
(130,405,3.3)
(130,407,3.8)
(130,423,2.7)
(130,428,3.6)
(130,430,1.9)
(130,431,2.2)
(130,433,3.4)
(130,439,3.4)
(130,442,2.3)
(130,452,6.6)
(130,457,2.6)
(130,460,2.9)
(130,461,5.6)
(130,463,1.8)
(130,466,3.4)
(130,468,8.0)
(130,471,4.5)
(130,472,2.9)
(130,475,5.5)
(130,480,2.8)
(130,481,3.1)
(130,500,3.1)
(130,505,2.6)
(130,509,5.2)
(130,514,3.7)
(130,518,4.0)
(130,520,4.1)
(130,523,4.8)
(130,527,4.2)
(130,529,2.9)
(130,537,3.5)
(130,547,7.3)
(130,561,2.0)
(130,562,1.8)
(130,564,26.1)
(130,574,2.5)
(130,575,2.6)
(130,577,2.2)
(130,580,6.2)
(130,585,3.7)
(130,587,3.2)
(130,596,2.2)
(130,598,2.3)
(130,605,3.1)
(130,607,2.0)
(130,615,3.9)
(130,624,6.2)
(130,627,2.9)
(130,654,4.3)
(130,664,3.7)
(130,665,2.3)
(130,671,8.0)
(133,212,36.0)
(133,468,42.1)
(133,547,41.5)
(133,624,37.0)
(134,150,1.9)
(134,152,1.9)
(134,157,2.1)
(134,165,1.5)
(134,185,3.0)
(134,187,2.1)
(134,195,2.1)
(134,199,2.3)
(134,212,6.4)
(134,213,3.4)
(134,214,2.6)
(134,232,2.8)
(134,240,2.3)
(134,242,2.5)
(134,243,1.5)
(134,247,2.3)
(134,253,2.1)
(134,262,1.8)
(134,268,2.4)
(134,285,1.7)
(134,292,1.8)
(134,294,3.2)
(134,295,1.7)
(134,303,1.7)
(134,306,3.5)
(134,311,4.9)
(134,312,2.2)
(134,313,1.9)
(134,344,3.4)
(134,345,2.0)
(134,346,2.2)
(134,353,1.8)
(134,355,1.5)
(134,358,2.6)
(134,380,5.7)
(134,384,1.9)
(134,388,3.3)
(134,423,2.0)
(134,428,2.7)
(134,430,1.6)
(134,431,1.8)
(134,433,2.4)
(134,439,2.8)
(134,442,1.7)
(134,452,7.5)
(134,457,2.3)
(134,460,2.5)
(134,461,6.2)
(134,463,2.0)
(134,466,2.9)
(134,468,8.7)
(134,472,3.6)
(134,475,4.4)
(134,480,2.0)
(134,481,2.3)
(134,505,2.3)
(134,509,5.8)
(134,514,3.4)
(134,518,4.2)
(134,527,3.4)
(134,547,7.9)
(134,561,1.5)
(134,562,1.6)
(134,564,26.9)
(134,574,1.7)
(134,575,2.4)
(134,577,1.6)
(134,580,6.8)
(134,584,4.7)
(134,596,2.2)
(134,598,1.7)
(134,607,2.1)
(134,615,2.8)
(134,624,6.7)
(134,627,2.1)
(134,654,4.8)
(134,664,2.9)
(134,665,1.9)
(148,452,23.4)
(148,468,28.3)
(148,472,17.4)
(148,509,21.8)
(148,547,26.1)
(148,564,46.4)
(148,580,25.3)
(149,157,4.1)
(149,212,14.6)
(149,213,9.0)
(149,262,5.4)
(149,268,8.9)
(149,380,12.5)
(149,457,7.8)
(149,461,18.9)
(149,468,19.1)
(149,475,4.9)
(149,480,5.1)
(149,481,4.2)
(149,547,19.9)
(149,580,16.0)
(149,596,8.0)
(149,615,4.5)
(149,624,14.5)
(149,654,12.6)
(149,664,6.5)
(150,152,2.1)
(150,157,2.4)
(150,165,1.6)
(150,177,3.5)
(150,187,1.9)
(150,195,2.4)
(150,199,2.5)
(150,200,3.5)
(150,212,6.6)
(150,213,3.5)
(150,232,3.1)
(150,242,2.6)
(150,243,1.7)
(150,247,2.0)
(150,253,1.9)
(150,262,2.1)
(150,268,2.8)
(150,282,3.6)
(150,285,2.0)
(150,292,1.7)
(150,294,3.0)
(150,295,1.7)
(150,303,1.9)
(150,306,3.6)
(150,311,5.0)
(150,312,2.2)
(150,313,1.7)
(150,346,2.1)
(150,353,2.0)
(150,355,2.0)
(150,358,2.8)
(150,380,5.9)
(150,384,1.9)
(150,388,3.7)
(150,402,4.4)
(150,405,2.6)
(150,412,3.7)
(150,430,2.0)
(150,439,2.6)
(150,442,1.7)
(150,452,7.8)
(150,457,2.6)
(150,461,6.4)
(150,463,2.2)
(150,468,8.9)
(150,471,3.4)
(150,472,3.9)
(150,475,4.6)
(150,480,2.1)
(150,500,2.3)
(150,505,2.4)
(150,509,6.4)
(150,518,4.4)
(150,534,2.3)
(150,547,8.4)
(150,561,1.7)
(150,562,1.8)
(150,564,27.3)
(150,574,1.9)
(150,575,2.5)
(150,577,1.8)
(150,580,7.0)
(150,592,8.4)
(150,596,2.4)
(150,598,1.7)
(150,605,2.7)
(150,607,2.3)
(150,615,3.0)
(150,624,6.8)
(150,627,2.0)
(150,654,4.9)
(150,664,3.2)
(150,665,1.7)
(152,157,1.4)
(152,165,1.9)
(152,199,1.4)
(152,212,7.6)
(152,213,4.2)
(152,243,1.7)
(152,262,1.9)
(152,268,3.3)
(152,292,2.1)
(152,294,4.2)
(152,295,1.6)
(152,303,1.8)
(152,311,7.3)
(152,313,1.6)
(152,353,2.2)
(152,355,1.7)
(152,380,6.5)
(152,384,1.7)
(152,388,4.5)
(152,426,2.5)
(152,430,1.8)
(152,433,1.5)
(152,442,1.7)
(152,452,9.4)
(152,457,2.9)
(152,461,8.2)
(152,463,3.1)
(152,468,10.1)
(152,472,4.9)
(152,475,3.5)
(152,480,1.6)
(152,481,1.6)
(152,509,7.5)
(152,544,1.8)
(152,547,9.4)
(152,561,1.8)
(152,562,1.9)
(152,564,31.7)
(152,574,1.5)
(152,577,1.9)
(152,580,8.2)
(152,584,3.0)
(152,596,2.9)
(152,607,3.1)
(152,615,1.9)
(152,624,7.8)
(152,627,1.5)
(152,654,6.1)
(152,664,2.7)
(157,165,2.2)
(157,176,3.6)
(157,199,1.3)
(157,200,2.7)
(157,212,7.4)
(157,213,3.9)
(157,243,2.0)
(157,262,2.0)
(157,268,3.3)
(157,270,5.9)
(157,294,4.4)
(157,295,2.0)
(157,311,7.6)
(157,313,1.9)
(157,346,2.0)
(157,353,2.3)
(157,355,1.8)
(157,380,6.3)
(157,384,1.8)
(157,388,4.6)
(157,423,1.8)
(157,426,2.6)
(157,428,1.9)
(157,430,2.1)
(157,433,1.7)
(157,452,9.7)
(157,457,2.7)
(157,461,8.3)
(157,463,3.4)
(157,468,10.0)
(157,472,5.0)
(157,475,3.1)
(157,480,1.6)
(157,481,1.6)
(157,509,7.6)
(157,544,1.9)
(157,547,9.2)
(157,553,4.0)
(157,561,2.0)
(157,562,2.2)
(157,564,35.6)
(157,574,1.6)
(157,580,7.9)
(157,584,3.2)
(157,596,3.0)
(157,607,3.3)
(157,615,1.6)
(157,624,7.6)
(157,654,6.0)
(157,664,2.5)
(159,212,14.1)
(159,388,9.2)
(159,452,13.9)
(159,461,14.1)
(159,468,16.6)
(159,472,9.2)
(159,509,12.6)
(159,547,15.5)
(159,564,34.8)
(159,580,14.4)
(159,624,14.6)
(159,654,11.4)
(160,306,30.5)
(160,452,50.3)
(160,547,72.3)
(160,564,76.4)
(161,564,268.0)
(165,187,1.9)
(165,195,2.3)
(165,199,2.3)
(165,200,3.4)
(165,212,6.5)
(165,213,3.5)
(165,220,2.1)
(165,232,3.1)
(165,240,2.2)
(165,242,2.6)
(165,243,1.4)
(165,247,2.1)
(165,253,1.9)
(165,262,1.6)
(165,268,2.6)
(165,285,1.9)
(165,292,1.6)
(165,294,3.1)
(165,295,1.6)
(165,303,1.7)
(165,306,3.4)
(165,311,4.8)
(165,312,2.1)
(165,313,1.6)
(165,345,1.9)
(165,346,2.1)
(165,353,1.8)
(165,355,1.6)
(165,358,2.8)
(165,380,5.7)
(165,384,1.7)
(165,388,3.5)
(165,412,3.9)
(165,430,1.6)
(165,431,1.8)
(165,433,2.3)
(165,439,2.6)
(165,442,1.7)
(165,452,7.4)
(165,457,2.3)
(165,461,6.3)
(165,463,2.0)
(165,468,8.8)
(165,472,3.6)
(165,475,4.4)
(165,480,1.9)
(165,481,2.4)
(165,500,2.3)
(165,509,5.9)
(165,514,3.7)
(165,518,4.2)
(165,520,3.0)
(165,534,2.4)
(165,547,8.0)
(165,561,1.4)
(165,562,1.4)
(165,564,26.3)
(165,574,1.7)
(165,577,1.8)
(165,580,6.9)
(165,596,2.1)
(165,598,1.6)
(165,607,2.1)
(165,615,2.8)
(165,624,6.8)
(165,627,2.0)
(165,654,4.9)
(165,664,2.8)
(165,665,1.6)
(168,564,268.0)
(175,294,30.5)
(175,461,47.5)
(175,468,53.7)
(176,212,13.0)
(176,213,8.0)
(176,262,4.7)
(176,268,7.7)
(176,294,7.9)
(176,353,5.8)
(176,355,4.9)
(176,380,11.3)
(176,384,4.6)
(176,457,6.9)
(176,461,17.2)
(176,468,16.6)
(176,472,10.0)
(176,475,4.6)
(176,547,17.5)
(176,561,4.5)
(176,580,14.1)
(176,615,4.1)
(176,624,13.1)
(176,654,11.2)
(176,664,5.9)
(177,212,11.6)
(177,213,6.9)
(177,232,5.2)
(177,247,1.8)
(177,268,6.3)
(177,285,3.1)
(177,306,5.8)
(177,311,8.3)
(177,380,10.6)
(177,388,7.4)
(177,452,12.3)
(177,461,10.7)
(177,463,4.6)
(177,468,14.6)
(177,518,6.2)
(177,534,1.5)
(177,564,30.5)
(177,580,12.1)
(177,596,5.7)
(177,607,5.4)
(177,624,11.8)
(177,654,8.9)
(178,212,31.8)
(178,468,36.2)
(178,509,31.2)
(178,547,35.3)
(178,580,33.3)
(182,306,47.2)
(182,311,64.5)
(182,518,46.4)
(182,564,109.7)
(185,212,9.5)
(185,213,5.7)
(185,232,3.7)
(185,268,5.0)
(185,285,2.4)
(185,294,4.7)
(185,306,4.6)
(185,311,6.9)
(185,358,3.3)
(185,363,1.4)
(185,380,8.9)
(185,388,5.7)
(185,452,9.7)
(185,461,8.9)
(185,463,3.6)
(185,466,1.3)
(185,468,11.7)
(185,472,5.7)
(185,509,8.6)
(185,518,5.3)
(185,547,10.9)
(185,561,2.8)
(185,564,28.4)
(185,575,2.0)
(185,577,1.9)
(185,580,9.8)
(185,607,4.3)
(185,624,9.9)
(185,654,7.4)
(185,665,2.4)
(187,212,7.8)
(187,213,4.4)
(187,262,1.9)
(187,268,3.6)
(187,292,1.7)
(187,294,3.9)
(187,306,4.1)
(187,311,6.0)
(187,313,1.5)
(187,353,2.6)
(187,355,2.2)
(187,358,3.1)
(187,380,6.9)
(187,382,1.6)
(187,384,2.0)
(187,388,4.6)
(187,430,2.1)
(187,452,8.7)
(187,457,3.3)
(187,461,7.7)
(187,463,2.8)
(187,468,10.2)
(187,472,4.7)
(187,475,4.1)
(187,480,2.0)
(187,500,1.2)
(187,509,7.5)
(187,518,4.8)
(187,547,9.5)
(187,561,1.8)
(187,562,2.0)
(187,564,27.9)
(187,574,1.9)
(187,580,8.3)
(187,596,3.2)
(187,598,1.4)
(187,607,3.1)
(187,624,8.1)
(187,654,6.1)
(187,664,3.3)
(187,665,1.7)
(188,518,92.1)
(188,564,175.8)
(189,380,31.6)
(189,452,34.1)
(189,547,38.2)
(189,564,57.4)
(195,212,7.2)
(195,213,4.6)
(195,214,2.1)
(195,220,2.1)
(195,232,2.0)
(195,239,3.0)
(195,242,1.4)
(195,243,2.1)
(195,247,2.2)
(195,262,2.5)
(195,265,5.1)
(195,268,3.1)
(195,285,1.8)
(195,292,2.1)
(195,294,3.4)
(195,295,2.2)
(195,303,1.8)
(195,306,3.1)
(195,311,4.6)
(195,312,1.9)
(195,342,3.2)
(195,345,1.9)
(195,346,2.5)
(195,353,2.9)
(195,355,2.6)
(195,358,1.8)
(195,373,3.2)
(195,380,7.0)
(195,387,3.6)
(195,388,3.5)
(195,405,2.4)
(195,423,2.4)
(195,430,2.5)
(195,431,1.9)
(195,439,2.5)
(195,442,1.9)
(195,452,7.4)
(195,457,3.2)
(195,460,2.0)
(195,461,6.5)
(195,463,2.0)
(195,466,2.4)
(195,468,9.1)
(195,472,3.5)
(195,505,1.7)
(195,509,6.0)
(195,514,2.9)
(195,518,3.9)
(195,529,1.8)
(195,537,2.4)
(195,547,8.3)
(195,561,2.4)
(195,562,2.5)
(195,564,25.5)
(195,575,1.6)
(195,577,1.8)
(195,580,7.3)
(195,585,2.4)
(195,587,2.1)
(195,596,3.1)
(195,598,2.0)
(195,605,2.0)
(195,607,2.9)
(195,608,2.9)
(195,624,7.5)
(195,654,5.5)
(195,664,4.4)
(195,665,1.9)
(199,212,7.8)
(199,213,4.3)
(199,243,2.1)
(199,262,2.2)
(199,268,3.5)
(199,270,5.4)
(199,311,7.8)
(199,346,1.9)
(199,353,2.5)
(199,355,2.1)
(199,380,6.6)
(199,384,1.9)
(199,388,4.9)
(199,402,3.0)
(199,423,1.7)
(199,426,2.4)
(199,430,2.2)
(199,433,1.5)
(199,452,10.0)
(199,457,2.9)
(199,461,8.8)
(199,463,3.5)
(199,468,10.4)
(199,472,5.3)
(199,475,3.2)
(199,480,1.7)
(199,481,1.5)
(199,501,4.7)
(199,509,7.9)
(199,544,1.7)
(199,547,9.5)
(199,553,3.7)
(199,561,2.2)
(199,562,2.3)
(199,564,35.6)
(199,574,1.7)
(199,580,8.2)
(199,584,3.0)
(199,596,3.2)
(199,607,3.5)
(199,615,1.7)
(199,624,7.9)
(199,654,6.4)
(199,664,2.7)
(200,212,10.3)
(200,213,6.2)
(200,268,5.7)
(200,294,6.0)
(200,311,10.6)
(200,313,2.6)
(200,353,4.2)
(200,355,3.5)
(200,380,9.0)
(200,384,3.3)
(200,388,7.0)
(200,452,12.5)
(200,457,5.1)
(200,461,12.0)
(200,468,13.1)
(200,475,3.9)
(200,480,3.3)
(200,509,10.8)
(200,547,12.5)
(200,574,3.2)
(200,580,11.0)
(200,596,5.1)
(200,607,5.1)
(200,615,3.2)
(200,624,10.4)
(200,654,8.6)
(200,664,4.5)
(201,212,21.0)
(201,268,13.8)
(201,353,11.1)
(201,461,23.9)
(201,468,25.5)
(201,509,22.5)
(201,580,22.1)
(201,607,12.5)
(201,624,21.4)
(201,654,17.7)
(205,212,23.5)
(205,213,15.1)
(205,380,20.3)
(205,384,9.7)
(205,468,29.9)
(205,475,7.8)
(205,580,25.8)
(205,615,8.1)
(205,624,23.7)
(205,664,11.3)
(212,213,5.5)
(212,214,8.9)
(212,219,12.1)
(212,220,8.5)
(212,232,7.5)
(212,235,12.5)
(212,239,10.6)
(212,240,8.3)
(212,242,7.9)
(212,243,6.9)
(212,245,19.2)
(212,247,8.3)
(212,250,27.8)
(212,253,8.0)
(212,262,6.6)
(212,268,5.0)
(212,270,21.4)
(212,275,14.4)
(212,282,11.2)
(212,283,15.0)
(212,285,7.0)
(212,287,23.0)
(212,292,7.1)
(212,294,5.3)
(212,295,7.5)
(212,303,7.4)
(212,306,8.7)
(212,309,18.8)
(212,311,10.1)
(212,312,8.0)
(212,313,7.3)
(212,316,24.9)
(212,324,21.4)
(212,328,12.4)
(212,342,12.1)
(212,344,10.8)
(212,345,8.0)
(212,346,8.3)
(212,350,14.1)
(212,353,5.9)
(212,355,6.5)
(212,358,6.9)
(212,362,36.2)
(212,363,11.7)
(212,367,12.3)
(212,371,28.0)
(212,373,11.7)
(212,378,36.7)
(212,380,4.7)
(212,382,9.6)
(212,384,6.6)
(212,388,4.9)
(212,394,9.6)
(212,402,12.4)
(212,405,8.9)
(212,407,9.9)
(212,408,9.6)
(212,412,11.5)
(212,417,17.3)
(212,418,15.5)
(212,423,7.6)
(212,426,11.3)
(212,427,22.8)
(212,428,9.1)
(212,430,6.4)
(212,431,7.5)
(212,433,8.7)
(212,439,9.1)
(212,442,7.6)
(212,452,12.9)
(212,457,5.6)
(212,460,8.6)
(212,461,9.6)
(212,463,6.1)
(212,466,9.2)
(212,468,4.0)
(212,471,10.5)
(212,472,5.4)
(212,475,7.9)
(212,480,6.7)
(212,481,7.3)
(212,500,8.2)
(212,501,17.9)
(212,505,8.0)
(212,509,6.4)
(212,514,9.7)
(212,518,12.1)
(212,520,10.1)
(212,522,10.6)
(212,523,11.1)
(212,527,10.5)
(212,529,8.2)
(212,531,23.4)
(212,534,8.7)
(212,537,10.0)
(212,544,9.5)
(212,547,6.0)
(212,553,15.3)
(212,559,14.4)
(212,561,6.6)
(212,562,6.5)
(212,564,87.8)
(212,570,31.5)
(212,574,6.7)
(212,575,7.9)
(212,577,7.4)
(212,580,4.4)
(212,582,62.2)
(212,584,12.5)
(212,585,9.8)
(212,587,8.9)
(212,592,20.9)
(212,595,16.0)
(212,596,5.3)
(212,598,7.5)
(212,605,8.8)
(212,607,5.5)
(212,608,10.3)
(212,615,7.3)
(212,620,27.5)
(212,623,43.3)
(212,624,4.9)
(212,627,8.2)
(212,646,17.9)
(212,648,13.7)
(212,654,5.7)
(212,664,6.0)
(212,665,7.1)
(212,671,15.7)
(213,232,5.2)
(213,240,4.9)
(213,242,5.1)
(213,243,3.7)
(213,247,4.8)
(213,250,17.7)
(213,253,4.6)
(213,262,3.7)
(213,268,3.6)
(213,270,13.1)
(213,285,4.1)
(213,287,15.0)
(213,292,3.9)
(213,294,4.0)
(213,295,4.1)
(213,303,4.2)
(213,306,6.1)
(213,311,7.0)
(213,312,4.7)
(213,313,3.8)
(213,316,16.4)
(213,324,14.4)
(213,328,7.9)
(213,346,4.8)
(213,353,3.3)
(213,355,3.5)
(213,358,4.7)
(213,363,7.4)
(213,367,7.9)
(213,380,4.7)
(213,382,5.7)
(213,384,3.4)
(213,388,4.6)
(213,394,5.8)
(213,402,7.3)
(213,405,5.4)
(213,408,5.9)
(213,412,7.2)
(213,418,10.0)
(213,423,4.3)
(213,426,6.6)
(213,428,5.2)
(213,430,3.7)
(213,431,4.3)
(213,433,4.9)
(213,439,5.5)
(213,442,4.2)
(213,452,11.0)
(213,457,3.7)
(213,461,8.1)
(213,463,4.0)
(213,466,5.6)
(213,468,7.7)
(213,471,6.6)
(213,472,5.1)
(213,475,4.6)
(213,480,3.7)
(213,481,4.2)
(213,500,4.6)
(213,505,4.9)
(213,509,7.3)
(213,514,6.4)
(213,518,7.8)
(213,523,6.9)
(213,525,13.8)
(213,529,5.4)
(213,534,5.1)
(213,547,8.2)
(213,550,11.8)
(213,553,9.0)
(213,561,3.4)
(213,562,3.5)
(213,564,55.3)
(213,570,21.5)
(213,574,3.6)
(213,575,5.0)
(213,577,4.1)
(213,580,6.1)
(213,584,7.6)
(213,596,3.6)
(213,598,4.2)
(213,599,39.3)
(213,605,5.4)
(213,607,3.3)
(213,615,4.1)
(213,620,18.9)
(213,624,4.4)
(213,627,4.6)
(213,646,11.2)
(213,654,4.7)
(213,664,3.7)
(213,665,4.0)
(214,232,3.2)
(214,242,1.9)
(214,268,4.3)
(214,285,2.2)
(214,294,4.3)
(214,303,1.6)
(214,306,4.1)
(214,311,6.1)
(214,353,3.4)
(214,355,2.8)
(214,358,2.9)
(214,380,8.4)
(214,388,5.0)
(214,452,8.9)
(214,457,4.1)
(214,461,8.1)
(214,463,3.0)
(214,468,11.0)
(214,472,5.0)
(214,505,1.7)
(214,509,7.6)
(214,514,2.8)
(214,518,4.8)
(214,529,1.9)
(214,547,10.2)
(214,564,27.1)
(214,575,1.7)
(214,577,1.7)
(214,580,9.1)
(214,596,3.9)
(214,607,3.7)
(214,624,9.4)
(214,654,6.8)
(217,624,143.8)
(217,654,124.1)
(219,268,7.1)
(219,294,6.9)
(219,358,5.4)
(219,380,11.1)
(219,388,8.1)
(219,452,12.7)
(219,457,6.5)
(219,461,12.7)
(219,468,14.7)
(219,472,8.2)
(219,509,11.4)
(219,547,13.9)
(219,564,33.7)
(219,580,12.7)
(219,607,6.3)
(219,624,12.7)
(219,654,10.0)
(219,665,3.8)
(220,232,3.1)
(220,242,2.0)
(220,243,1.8)
(220,262,2.2)
(220,268,3.9)
(220,292,1.8)
(220,294,4.1)
(220,306,3.9)
(220,311,5.9)
(220,353,3.0)
(220,355,2.5)
(220,358,2.8)
(220,380,7.9)
(220,388,4.7)
(220,430,2.4)
(220,452,8.6)
(220,457,3.6)
(220,461,7.8)
(220,463,2.8)
(220,468,10.6)
(220,472,4.7)
(220,480,2.6)
(220,509,7.3)
(220,518,4.7)
(220,529,1.9)
(220,547,9.8)
(220,562,2.2)
(220,564,27.0)
(220,580,8.8)
(220,596,3.5)
(220,598,1.6)
(220,607,3.4)
(220,608,1.7)
(220,624,9.1)
(220,654,6.4)
(220,665,1.8)
(230,547,76.3)
(232,236,8.3)
(232,239,4.3)
(232,242,2.2)
(232,243,3.0)
(232,247,3.1)
(232,253,3.2)
(232,262,3.4)
(232,265,6.9)
(232,268,3.5)
(232,285,2.3)
(232,292,2.8)
(232,294,3.7)
(232,295,3.1)
(232,303,2.7)
(232,306,2.9)
(232,311,4.1)
(232,312,2.9)
(232,342,4.4)
(232,344,4.1)
(232,345,2.9)
(232,346,3.6)
(232,353,3.6)
(232,355,3.4)
(232,358,1.6)
(232,363,4.7)
(232,373,4.4)
(232,380,7.9)
(232,384,4.0)
(232,387,5.0)
(232,388,3.7)
(232,405,3.4)
(232,408,3.9)
(232,423,3.4)
(232,430,3.2)
(232,431,2.8)
(232,434,5.4)
(232,439,3.6)
(232,442,2.8)
(232,452,7.2)
(232,457,3.9)
(232,460,3.0)
(232,461,6.4)
(232,463,2.4)
(232,466,3.4)
(232,468,8.9)
(232,472,3.4)
(232,497,28.9)
(232,505,2.5)
(232,509,5.2)
(232,510,8.6)
(232,514,3.7)
(232,518,3.9)
(232,527,4.6)
(232,529,2.6)
(232,533,8.6)
(232,534,3.5)
(232,537,3.3)
(232,547,7.6)
(232,559,6.3)
(232,561,3.3)
(232,562,3.1)
(232,564,24.5)
(232,574,3.7)
(232,575,2.4)
(232,577,2.7)
(232,580,7.1)
(232,585,3.4)
(232,587,3.0)
(232,596,3.6)
(232,597,5.5)
(232,598,2.9)
(232,605,3.1)
(232,607,3.3)
(232,608,4.1)
(232,624,8.2)
(232,646,8.6)
(232,654,5.9)
(232,665,2.7)
(234,380,39.9)
(234,468,51.0)
(234,580,46.3)
(235,292,4.0)
(235,294,7.1)
(235,306,7.0)
(235,311,10.0)
(235,380,11.6)
(235,388,8.4)
(235,452,12.7)
(235,461,12.2)
(235,463,5.7)
(235,468,15.1)
(235,509,11.7)
(235,547,14.2)
(235,564,32.3)
(235,580,13.1)
(235,624,13.1)
(235,654,10.3)
(236,311,15.0)
(236,452,18.0)
(236,468,25.5)
(236,472,12.3)
(236,505,4.7)
(236,509,16.7)
(236,547,22.3)
(236,564,39.4)
(236,580,21.5)
(236,587,4.0)
(239,247,1.7)
(239,285,2.8)
(239,294,5.4)
(239,306,5.2)
(239,311,7.7)
(239,358,3.8)
(239,380,9.8)
(239,388,6.5)
(239,452,10.7)
(239,457,5.4)
(239,461,9.9)
(239,463,4.1)
(239,468,12.9)
(239,472,6.5)
(239,509,9.5)
(239,518,5.9)
(239,547,12.0)
(239,564,29.3)
(239,575,2.4)
(239,580,10.9)
(239,607,5.0)
(239,624,11.1)
(239,654,8.3)
(239,665,2.7)
(240,262,2.2)
(240,268,3.9)
(240,292,1.9)
(240,294,4.1)
(240,295,1.6)
(240,306,4.3)
(240,311,6.6)
(240,313,1.7)
(240,353,3.0)
(240,355,2.4)
(240,380,7.5)
(240,388,4.8)
(240,407,1.4)
(240,430,2.3)
(240,431,1.4)
(240,452,9.0)
(240,457,3.5)
(240,461,8.3)
(240,463,2.9)
(240,468,10.6)
(240,472,4.9)
(240,509,7.7)
(240,529,2.1)
(240,547,9.8)
(240,561,2.2)
(240,562,2.2)
(240,564,28.6)
(240,580,8.7)
(240,587,2.0)
(240,596,3.5)
(240,607,3.5)
(240,624,8.6)
(240,654,6.5)
(240,664,3.9)
(242,247,2.0)
(242,253,2.1)
(242,265,4.3)
(242,268,3.6)
(242,285,2.0)
(242,292,2.2)
(242,294,3.8)
(242,295,2.2)
(242,306,3.3)
(242,311,5.0)
(242,312,1.7)
(242,342,2.7)
(242,344,2.6)
(242,353,3.2)
(242,358,1.9)
(242,373,2.8)
(242,380,7.7)
(242,387,3.1)
(242,388,3.9)
(242,405,2.0)
(242,431,2.0)
(242,434,3.3)
(242,442,2.0)
(242,452,7.7)
(242,457,3.7)
(242,460,1.8)
(242,461,7.0)
(242,463,2.3)
(242,466,2.1)
(242,468,9.6)
(242,472,3.9)
(242,505,1.7)
(242,509,6.4)
(242,514,2.9)
(242,518,4.2)
(242,529,1.6)
(242,534,2.2)
(242,537,1.9)
(242,547,8.9)
(242,562,2.7)
(242,564,25.9)
(242,575,1.6)
(242,577,1.9)
(242,580,7.9)
(242,585,2.0)
(242,587,2.0)
(242,596,3.4)
(242,605,1.7)
(242,607,3.3)
(242,608,2.5)
(242,624,8.2)
(242,654,5.9)
(242,665,2.0)
(243,247,1.9)
(243,253,1.7)
(243,262,1.6)
(243,268,2.9)
(243,285,1.8)
(243,292,1.6)
(243,294,3.2)
(243,295,1.4)
(243,303,1.4)
(243,306,3.6)
(243,311,5.1)
(243,313,1.6)
(243,345,1.6)
(243,346,1.7)
(243,353,2.0)
(243,355,1.5)
(243,358,2.8)
(243,380,6.1)
(243,384,1.8)
(243,388,3.7)
(243,423,1.7)
(243,430,1.6)
(243,431,1.6)
(243,442,1.5)
(243,452,7.7)
(243,457,2.5)
(243,461,6.7)
(243,463,2.2)
(243,468,9.2)
(243,471,2.9)
(243,472,3.9)
(243,475,4.2)
(243,480,1.8)
(243,481,2.1)
(243,509,6.3)
(243,514,3.4)
(243,518,4.2)
(243,547,8.4)
(243,561,1.4)
(243,562,1.5)
(243,564,26.2)
(243,574,1.6)
(243,577,1.5)
(243,580,7.3)
(243,596,2.5)
(243,598,1.4)
(243,607,2.5)
(243,615,2.6)
(243,624,7.1)
(243,627,1.6)
(243,654,5.2)
(243,664,2.9)
(243,665,1.7)
(245,380,17.5)
(245,388,13.5)
(245,452,18.6)
(245,461,19.1)
(245,468,22.7)
(245,509,17.4)
(245,547,20.8)
(245,564,39.7)
(247,268,3.9)
(247,285,1.8)
(247,292,1.8)
(247,294,4.0)
(247,306,3.9)
(247,311,5.9)
(247,312,1.3)
(247,353,3.0)
(247,358,2.8)
(247,380,7.7)
(247,384,2.5)
(247,388,4.7)
(247,452,8.7)
(247,457,3.7)
(247,461,7.8)
(247,463,2.7)
(247,468,10.5)
(247,472,4.8)
(247,509,7.5)
(247,518,4.6)
(247,534,1.2)
(247,547,9.9)
(247,561,2.2)
(247,562,2.2)
(247,564,27.1)
(247,574,2.5)
(247,580,8.6)
(247,596,3.5)
(247,607,3.3)
(247,624,8.7)
(247,654,6.3)
(247,665,1.8)
(250,380,23.4)
(250,475,8.8)
(250,547,34.9)
(250,615,9.4)
(250,624,27.8)
(250,664,13.2)
(251,380,56.8)
(251,475,22.9)
(253,268,3.7)
(253,285,1.8)
(253,292,1.7)
(253,294,3.9)
(253,295,1.3)
(253,306,3.9)
(253,311,6.0)
(253,353,2.7)
(253,355,2.2)
(253,358,2.8)
(253,380,7.3)
(253,384,2.1)
(253,388,4.6)
(253,430,2.2)
(253,452,8.7)
(253,457,3.4)
(253,461,7.8)
(253,463,2.7)
(253,468,10.3)
(253,472,4.7)
(253,509,7.4)
(253,518,4.6)
(253,547,9.6)
(253,561,1.9)
(253,562,2.0)
(253,564,27.4)
(253,574,2.0)
(253,580,8.4)
(253,596,3.3)
(253,598,1.4)
(253,607,3.2)
(253,624,8.3)
(253,654,6.1)
(253,664,3.6)
(253,665,1.7)
(254,514,21.3)
(254,564,91.3)
(262,268,2.7)
(262,285,2.3)
(262,292,1.8)
(262,294,3.4)
(262,299,6.6)
(262,303,1.7)
(262,306,3.9)
(262,311,5.3)
(262,313,1.8)
(262,345,1.9)
(262,353,2.1)
(262,355,1.7)
(262,358,3.0)
(262,380,5.8)
(262,382,2.9)
(262,384,2.0)
(262,388,3.5)
(262,423,1.8)
(262,430,1.7)
(262,431,1.8)
(262,433,2.2)
(262,442,1.8)
(262,452,7.7)
(262,457,2.2)
(262,461,6.4)
(262,463,2.4)
(262,468,8.7)
(262,472,3.6)
(262,475,4.1)
(262,480,1.8)
(262,481,1.9)
(262,500,2.3)
(262,505,2.3)
(262,509,6.0)
(262,514,3.7)
(262,518,4.7)
(262,529,2.8)
(262,544,2.6)
(262,547,7.9)
(262,561,1.6)
(262,562,1.8)
(262,564,28.7)
(262,574,1.8)
(262,580,6.9)
(262,587,2.9)
(262,596,2.3)
(262,598,1.8)
(262,607,2.6)
(262,615,2.6)
(262,624,6.9)
(262,648,5.3)
(262,654,5.0)
(262,664,2.8)
(262,665,1.9)
(265,311,14.1)
(265,358,6.5)
(265,387,1.4)
(265,452,17.2)
(265,468,27.3)
(265,472,11.4)
(265,505,3.8)
(265,509,16.3)
(265,529,3.7)
(265,547,22.7)
(265,564,38.7)
(265,585,2.4)
(265,587,3.2)
(268,275,9.0)
(268,282,6.1)
(268,285,3.0)
(268,292,2.9)
(268,294,3.4)
(268,295,3.2)
(268,303,3.2)
(268,306,4.2)
(268,311,4.9)
(268,312,3.7)
(268,313,3.2)
(268,328,7.2)
(268,344,5.6)
(268,345,3.6)
(268,346,3.9)
(268,353,2.0)
(268,355,2.4)
(268,358,3.2)
(268,380,4.8)
(268,382,4.9)
(268,384,2.7)
(268,388,2.6)
(268,394,5.0)
(268,402,7.1)
(268,405,4.5)
(268,407,5.2)
(268,408,5.1)
(268,423,3.4)
(268,426,6.1)
(268,428,4.5)
(268,430,2.4)
(268,431,3.2)
(268,433,4.2)
(268,439,4.6)
(268,442,3.3)
(268,452,7.3)
(268,457,1.9)
(268,460,4.0)
(268,461,5.2)
(268,463,2.5)
(268,466,4.7)
(268,468,7.2)
(268,471,5.8)
(268,472,3.1)
(268,475,5.3)
(268,480,2.6)
(268,481,3.3)
(268,500,4.1)
(268,501,11.2)
(268,505,3.7)
(268,509,4.8)
(268,514,4.8)
(268,518,5.3)
(268,520,5.2)
(268,522,5.8)
(268,523,6.2)
(268,527,5.5)
(268,529,3.9)
(268,534,4.2)
(268,537,5.0)
(268,544,4.8)
(268,547,6.7)
(268,553,9.2)
(268,561,2.6)
(268,562,2.4)
(268,564,35.7)
(268,574,2.6)
(268,575,3.7)
(268,577,3.2)
(268,580,5.3)
(268,584,7.2)
(268,585,5.1)
(268,587,4.4)
(268,596,1.9)
(268,598,3.3)
(268,605,4.3)
(268,607,1.9)
(268,608,5.5)
(268,615,3.6)
(268,624,5.3)
(268,627,3.8)
(268,654,3.8)
(268,664,3.4)
(268,665,3.0)
(268,671,9.7)
(270,380,17.7)
(270,457,11.8)
(270,475,6.5)
(270,547,27.7)
(270,580,23.9)
(270,615,6.4)
(270,624,21.4)
(270,664,9.4)
(275,380,12.5)
(275,388,10.6)
(275,452,16.9)
(275,457,8.1)
(275,461,17.9)
(275,468,17.7)
(275,475,5.4)
(275,480,5.5)
(275,509,14.8)
(275,547,17.0)
(275,580,15.3)
(275,615,5.1)
(275,624,14.5)
(275,654,12.4)
(275,664,7.1)
(282,311,9.2)
(282,353,4.7)
(282,380,10.2)
(282,388,7.1)
(282,452,11.6)
(282,461,11.0)
(282,463,4.8)
(282,468,13.8)
(282,472,7.3)
(282,509,10.4)
(282,547,12.9)
(282,562,3.7)
(282,564,31.5)
(282,580,11.7)
(282,596,5.6)
(282,607,5.4)
(282,624,11.7)
(282,654,8.9)
(283,380,13.6)
(283,388,10.6)
(283,430,6.5)
(283,452,16.6)
(283,461,18.0)
(283,468,17.9)
(283,472,10.8)
(283,481,5.1)
(283,509,14.7)
(283,547,17.2)
(283,580,15.7)
(283,596,8.6)
(283,624,15.4)
(283,654,12.8)
(285,292,1.9)
(285,294,3.2)
(285,295,1.9)
(285,303,1.7)
(285,306,3.0)
(285,311,4.8)
(285,312,1.9)
(285,344,2.8)
(285,345,1.9)
(285,346,2.1)
(285,353,2.6)
(285,355,2.3)
(285,358,2.1)
(285,363,3.3)
(285,373,3.1)
(285,380,6.7)
(285,384,2.6)
(285,388,3.7)
(285,408,2.6)
(285,423,2.3)
(285,430,2.3)
(285,439,2.3)
(285,442,1.7)
(285,452,7.5)
(285,457,3.0)
(285,460,2.1)
(285,461,6.6)
(285,463,1.9)
(285,466,2.3)
(285,468,9.2)
(285,472,3.8)
(285,480,2.7)
(285,509,6.2)
(285,514,3.0)
(285,518,3.6)
(285,534,2.1)
(285,547,8.5)
(285,561,2.0)
(285,562,2.2)
(285,564,25.7)
(285,574,2.4)
(285,575,2.0)
(285,577,1.6)
(285,580,7.4)
(285,596,2.8)
(285,598,1.7)
(285,605,2.3)
(285,607,2.5)
(285,624,7.4)
(285,654,5.1)
(285,664,4.0)
(285,665,1.7)
(287,311,24.4)
(287,380,20.2)
(287,468,28.6)
(287,475,8.1)
(287,580,24.9)
(287,624,23.3)
(287,664,11.7)
(292,294,3.1)
(292,295,1.5)
(292,303,1.5)
(292,306,3.3)
(292,311,4.9)
(292,312,1.8)
(292,313,1.7)
(292,345,1.7)
(292,353,2.2)
(292,355,2.0)
(292,358,2.4)
(292,380,6.4)
(292,382,2.5)
(292,384,2.1)
(292,388,3.6)
(292,430,1.8)
(292,431,1.5)
(292,442,1.4)
(292,452,7.6)
(292,457,2.8)
(292,461,6.7)
(292,463,2.0)
(292,468,9.2)
(292,472,3.9)
(292,480,2.2)
(292,500,2.0)
(292,505,2.1)
(292,509,6.3)
(292,518,4.1)
(292,523,3.3)
(292,529,2.5)
(292,534,2.1)
(292,547,8.5)
(292,561,1.6)
(292,562,1.5)
(292,564,26.0)
(292,574,2.0)
(292,575,2.2)
(292,577,1.5)
(292,580,7.4)
(292,596,2.6)
(292,598,1.4)
(292,607,2.4)
(292,624,7.4)
(292,627,1.9)
(292,654,5.2)
(292,664,3.5)
(292,665,1.4)
(294,295,3.5)
(294,303,3.4)
(294,306,4.4)
(294,311,5.4)
(294,312,3.9)
(294,313,3.5)
(294,328,6.8)
(294,345,3.8)
(294,346,4.2)
(294,353,3.2)
(294,355,3.4)
(294,358,3.0)
(294,363,6.1)
(294,367,7.1)
(294,380,6.2)
(294,382,5.0)
(294,384,3.6)
(294,387,7.7)
(294,388,3.9)
(294,394,5.2)
(294,402,7.4)
(294,405,4.4)
(294,407,5.1)
(294,408,5.0)
(294,412,6.3)
(294,418,9.5)
(294,423,4.0)
(294,430,3.4)
(294,431,3.4)
(294,439,4.6)
(294,442,3.5)
(294,452,8.7)
(294,457,3.4)
(294,460,4.1)
(294,461,6.4)
(294,463,2.8)
(294,466,4.5)
(294,468,6.9)
(294,471,5.8)
(294,472,3.8)
(294,475,6.8)
(294,480,3.9)
(294,481,4.4)
(294,500,4.1)
(294,505,3.7)
(294,509,6.2)
(294,514,5.2)
(294,518,5.7)
(294,529,3.9)
(294,531,14.9)
(294,534,4.4)
(294,537,4.9)
(294,547,7.6)
(294,561,3.1)
(294,562,3.3)
(294,564,39.3)
(294,574,3.6)
(294,575,3.5)
(294,577,3.4)
(294,580,6.2)
(294,582,42.5)
(294,585,4.8)
(294,587,4.4)
(294,592,12.7)
(294,595,8.8)
(294,596,3.4)
(294,597,7.6)
(294,598,3.4)
(294,605,4.2)
(294,607,3.0)
(294,615,5.1)
(294,624,6.6)
(294,627,4.1)
(294,646,10.0)
(294,654,4.9)
(294,664,4.9)
(294,665,3.0)
(295,306,3.8)
(295,311,5.6)
(295,313,1.4)
(295,353,2.3)
(295,355,1.8)
(295,358,2.8)
(295,380,6.8)
(295,384,1.8)
(295,388,4.1)
(295,430,1.8)
(295,431,1.4)
(295,442,1.2)
(295,452,8.3)
(295,457,2.9)
(295,461,7.3)
(295,463,2.3)
(295,468,9.8)
(295,472,4.3)
(295,480,1.9)
(295,509,7.0)
(295,518,4.6)
(295,547,9.0)
(295,561,1.5)
(295,562,1.6)
(295,564,27.0)
(295,574,1.7)
(295,577,1.3)
(295,580,7.9)
(295,596,2.8)
(295,598,1.3)
(295,607,2.8)
(295,615,2.6)
(295,624,7.8)
(295,627,1.3)
(295,654,5.7)
(295,664,3.1)
(295,665,1.7)
(297,468,60.1)
(297,547,58.1)
(299,388,12.3)
(299,452,17.7)
(299,457,10.1)
(299,468,22.1)
(299,472,11.9)
(299,509,15.9)
(299,547,19.9)
(299,564,40.9)
(299,580,19.2)
(303,306,3.4)
(303,311,5.2)
(303,345,1.2)
(303,353,2.4)
(303,355,1.9)
(303,358,2.4)
(303,380,6.8)
(303,388,4.0)
(303,430,1.8)
(303,431,1.2)
(303,442,1.2)
(303,452,7.9)
(303,457,2.9)
(303,461,7.0)
(303,463,2.3)
(303,468,9.6)
(303,472,4.1)
(303,480,2.2)
(303,481,2.1)
(303,505,1.6)
(303,509,6.5)
(303,514,2.9)
(303,518,4.2)
(303,529,2.0)
(303,547,8.8)
(303,561,1.7)
(303,562,1.8)
(303,564,26.1)
(303,574,2.0)
(303,575,1.7)
(303,577,1.2)
(303,580,7.7)
(303,587,2.1)
(303,596,2.8)
(303,598,1.3)
(303,607,2.8)
(303,624,7.8)
(303,654,5.6)
(303,664,3.5)
(303,665,1.6)
(306,311,3.0)
(306,312,3.7)
(306,313,4.1)
(306,342,5.5)
(306,344,5.0)
(306,345,3.6)
(306,353,4.3)
(306,355,4.1)
(306,358,2.7)
(306,363,5.8)
(306,373,5.5)
(306,380,8.8)
(306,384,4.6)
(306,387,6.4)
(306,388,4.4)
(306,405,4.3)
(306,407,5.1)
(306,408,4.8)
(306,412,6.4)
(306,430,3.9)
(306,431,3.4)
(306,434,6.6)
(306,439,4.5)
(306,442,3.5)
(306,452,6.9)
(306,457,4.5)
(306,460,3.9)
(306,461,5.7)
(306,463,2.9)
(306,466,4.3)
(306,468,10.6)
(306,472,4.3)
(306,480,4.8)
(306,487,15.6)
(306,505,3.6)
(306,509,6.3)
(306,510,10.3)
(306,514,4.1)
(306,516,20.0)
(306,518,3.3)
(306,529,3.5)
(306,533,9.7)
(306,534,4.2)
(306,537,4.2)
(306,547,8.9)
(306,548,11.6)
(306,559,7.3)
(306,561,3.8)
(306,562,3.8)
(306,564,23.4)
(306,574,4.5)
(306,575,3.3)
(306,577,3.4)
(306,580,8.3)
(306,585,4.5)
(306,587,4.2)
(306,595,8.3)
(306,596,4.1)
(306,598,3.5)
(306,605,4.0)
(306,607,3.8)
(306,608,5.1)
(306,624,9.7)
(306,627,4.5)
(306,641,17.0)
(306,654,6.6)
(306,664,6.5)
(306,665,3.2)
(309,388,13.6)
(309,452,19.9)
(309,461,21.4)
(309,468,21.8)
(309,472,13.6)
(309,509,17.8)
(309,547,20.8)
(309,580,19.5)
(309,624,19.9)
(311,312,5.6)
(311,313,5.8)
(311,328,10.0)
(311,342,8.1)
(311,344,7.3)
(311,345,5.6)
(311,346,6.5)
(311,353,5.2)
(311,355,5.3)
(311,358,4.1)
(311,363,8.3)
(311,367,10.3)
(311,373,8.0)
(311,380,10.4)
(311,382,7.6)
(311,384,6.1)
(311,387,9.7)
(311,388,4.9)
(311,390,16.7)
(311,394,8.2)
(311,396,49.1)
(311,402,13.0)
(311,405,6.5)
(311,407,7.7)
(311,408,7.0)
(311,412,9.2)
(311,423,6.1)
(311,430,5.1)
(311,431,5.3)
(311,434,9.7)
(311,439,6.7)
(311,442,5.4)
(311,452,8.7)
(311,457,5.6)
(311,460,5.9)
(311,461,4.1)
(311,463,4.1)
(311,466,6.4)
(311,468,12.1)
(311,471,8.4)
(311,472,4.8)
(311,475,14.3)
(311,480,6.3)
(311,481,7.5)
(311,487,20.3)
(311,496,65.5)
(311,500,6.9)
(311,505,5.2)
(311,509,7.1)
(311,510,15.5)
(311,514,5.5)
(311,516,27.4)
(311,518,3.4)
(311,520,8.5)
(311,523,9.3)
(311,527,8.5)
(311,529,5.3)
(311,533,13.6)
(311,534,6.3)
(311,537,6.5)
(311,547,11.4)
(311,548,15.8)
(311,550,13.9)
(311,559,10.3)
(311,561,5.1)
(311,562,5.0)
(311,564,24.3)
(311,574,5.9)
(311,575,5.2)
(311,577,5.2)
(311,580,9.0)
(311,585,6.5)
(311,587,6.1)
(311,595,11.7)
(311,596,5.0)
(311,597,9.8)
(311,598,5.5)
(311,605,6.0)
(311,607,4.6)
(311,608,7.7)
(311,624,10.9)
(311,627,6.7)
(311,641,23.8)
(311,646,13.9)
(311,654,7.1)
(311,664,8.1)
(311,665,5.0)
(312,353,2.9)
(312,355,2.5)
(312,358,2.6)
(312,380,7.4)
(312,388,4.5)
(312,430,2.4)
(312,452,8.4)
(312,457,3.5)
(312,461,7.5)
(312,463,2.7)
(312,468,10.2)
(312,472,4.5)
(312,509,7.0)
(312,514,2.9)
(312,518,4.4)
(312,529,2.0)
(312,534,1.4)
(312,537,1.8)
(312,547,9.4)
(312,562,2.2)
(312,564,26.5)
(312,580,8.3)
(312,596,3.3)
(312,607,3.2)
(312,608,1.8)
(312,624,8.4)
(312,654,6.1)
(312,664,4.1)
(312,665,1.7)
(313,353,2.1)
(313,355,1.8)
(313,380,6.3)
(313,384,1.7)
(313,388,4.2)
(313,405,2.3)
(313,418,4.9)
(313,430,1.9)
(313,431,1.7)
(313,442,1.6)
(313,452,8.3)
(313,457,2.9)
(313,461,7.3)
(313,463,2.6)
(313,468,9.7)
(313,472,4.4)
(313,475,4.0)
(313,480,1.8)
(313,481,2.1)
(313,500,1.7)
(313,505,2.2)
(313,509,7.2)
(313,518,4.9)
(313,547,9.0)
(313,561,1.6)
(313,562,1.8)
(313,564,28.9)
(313,574,1.7)
(313,577,1.7)
(313,580,7.8)
(313,596,2.7)
(313,598,1.6)
(313,607,2.7)
(313,615,2.5)
(313,624,7.5)
(313,627,1.4)
(313,654,5.6)
(313,664,2.9)
(313,665,1.9)
(316,380,21.7)
(316,468,31.3)
(316,475,8.6)
(316,553,2.3)
(316,580,27.2)
(316,615,9.2)
(316,624,25.1)
(316,664,12.6)
(324,380,18.8)
(324,468,26.2)
(324,475,8.0)
(324,547,26.9)
(324,580,23.0)
(324,624,21.2)
(324,654,19.3)
(324,664,11.4)
(328,452,12.8)
(328,461,12.0)
(328,468,15.0)
(328,472,8.3)
(328,509,11.5)
(328,547,14.3)
(328,564,32.4)
(328,580,12.9)
(328,607,6.3)
(328,624,12.9)
(328,654,9.9)
(342,358,4.1)
(342,388,7.2)
(342,452,11.3)
(342,461,10.8)
(342,468,14.4)
(342,472,7.1)
(342,505,2.4)
(342,509,10.1)
(342,518,6.3)
(342,529,2.4)
(342,547,13.2)
(342,564,29.6)
(342,575,2.4)
(342,580,12.3)
(342,587,2.1)
(342,624,13.3)
(344,358,3.7)
(344,388,6.3)
(344,452,10.5)
(344,461,9.6)
(344,463,4.1)
(344,468,13.2)
(344,509,9.2)
(344,514,3.3)
(344,518,5.6)
(344,537,1.5)
(344,547,12.2)
(344,564,28.5)
(344,580,11.0)
(344,596,5.1)
(344,607,4.9)
(344,624,11.5)
(344,654,8.2)
(345,353,2.7)
(345,355,2.1)
(345,358,2.6)
(345,380,7.4)
(345,388,4.4)
(345,430,2.0)
(345,431,1.3)
(345,452,8.3)
(345,457,3.3)
(345,461,7.4)
(345,463,2.6)
(345,468,10.2)
(345,472,4.4)
(345,509,6.9)
(345,514,2.9)
(345,518,4.4)
(345,529,2.0)
(345,547,9.3)
(345,561,1.9)
(345,562,2.0)
(345,564,26.5)
(345,574,2.1)
(345,580,8.3)
(345,587,1.9)
(345,596,3.2)
(345,598,1.4)
(345,607,3.1)
(345,624,8.5)
(345,654,6.0)
(345,664,3.8)
(346,353,2.8)
(346,355,2.3)
(346,380,7.6)
(346,384,2.3)
(346,388,4.9)
(346,430,2.3)
(346,452,9.2)
(346,457,3.6)
(346,461,8.2)
(346,463,3.0)
(346,468,10.6)
(346,472,5.0)
(346,509,7.8)
(346,518,5.2)
(346,547,10.0)
(346,561,2.0)
(346,562,2.2)
(346,564,28.0)
(346,574,2.1)
(346,577,1.6)
(346,580,8.7)
(346,596,3.5)
(346,607,3.4)
(346,624,8.6)
(346,654,6.4)
(346,664,3.7)
(350,380,12.9)
(350,388,9.7)
(350,452,14.4)
(350,461,14.6)
(350,463,6.9)
(350,468,16.8)
(350,472,9.8)
(350,509,13.1)
(350,547,15.8)
(350,564,35.4)
(350,580,14.6)
(350,624,14.6)
(350,654,11.7)
(353,355,1.5)
(353,358,3.3)
(353,367,5.8)
(353,380,5.2)
(353,384,1.7)
(353,388,3.3)
(353,394,3.8)
(353,402,5.3)
(353,405,3.6)
(353,418,7.6)
(353,423,2.6)
(353,426,4.5)
(353,428,3.3)
(353,430,1.8)
(353,431,2.4)
(353,433,3.0)
(353,442,2.4)
(353,452,7.9)
(353,457,2.1)
(353,460,3.3)
(353,461,5.9)
(353,463,2.5)
(353,468,8.1)
(353,471,4.4)
(353,472,3.7)
(353,475,4.3)
(353,480,1.9)
(353,481,2.5)
(353,500,3.0)
(353,509,5.6)
(353,514,4.4)
(353,518,5.2)
(353,520,3.9)
(353,522,4.3)
(353,527,4.2)
(353,534,3.2)
(353,544,3.5)
(353,547,7.5)
(353,553,6.8)
(353,561,1.8)
(353,562,1.7)
(353,564,32.8)
(353,574,1.6)
(353,575,3.3)
(353,577,2.4)
(353,580,6.3)
(353,584,5.3)
(353,596,2.0)
(353,598,2.3)
(353,607,2.0)
(353,615,2.7)
(353,624,6.1)
(353,627,2.7)
(353,654,4.3)
(353,664,2.7)
(353,665,2.5)
(355,380,5.6)
(355,384,1.7)
(355,388,3.5)
(355,394,3.1)
(355,423,2.0)
(355,426,3.8)
(355,428,2.6)
(355,430,1.3)
(355,431,2.0)
(355,433,2.3)
(355,442,1.9)
(355,452,7.9)
(355,457,2.1)
(355,461,6.4)
(355,463,2.5)
(355,468,8.7)
(355,471,3.7)
(355,472,3.8)
(355,475,4.0)
(355,480,1.7)
(355,481,2.1)
(355,505,2.6)
(355,509,5.9)
(355,514,3.9)
(355,518,4.9)
(355,520,3.2)
(355,527,3.4)
(355,544,2.8)
(355,547,7.9)
(355,561,1.5)
(355,562,1.5)
(355,564,29.5)
(355,574,1.5)
(355,577,1.9)
(355,580,6.9)
(355,584,4.5)
(355,596,2.1)
(355,598,1.9)
(355,607,2.3)
(355,615,2.4)
(355,624,6.7)
(355,627,2.2)
(355,654,4.9)
(355,664,2.5)
(355,665,2.2)
(358,363,4.4)
(358,373,4.1)
(358,380,7.3)
(358,384,3.5)
(358,387,4.6)
(358,388,3.5)
(358,405,3.1)
(358,408,3.5)
(358,423,3.1)
(358,430,3.0)
(358,431,2.5)
(358,434,5.0)
(358,439,3.2)
(358,442,2.5)
(358,452,6.9)
(358,457,3.5)
(358,460,2.7)
(358,461,6.2)
(358,463,2.2)
(358,466,3.0)
(358,468,8.5)
(358,472,3.1)
(358,500,3.5)
(358,505,2.4)
(358,509,5.5)
(358,510,8.2)
(358,514,3.4)
(358,518,3.7)
(358,529,2.3)
(358,534,3.1)
(358,537,3.0)
(358,547,7.9)
(358,559,5.8)
(358,561,2.9)
(358,562,2.9)
(358,564,24.9)
(358,574,3.4)
(358,575,2.1)
(358,577,2.4)
(358,580,6.9)
(358,585,3.0)
(358,587,2.8)
(358,595,6.6)
(358,596,3.4)
(358,597,5.1)
(358,598,2.6)
(358,605,2.7)
(358,607,3.0)
(358,608,3.7)
(358,624,7.7)
(358,646,7.7)
(358,654,5.6)
(358,665,2.2)
(362,468,41.3)
(362,547,41.2)
(362,580,37.9)
(363,452,11.6)
(363,461,10.8)
(363,468,14.0)
(363,472,7.3)
(363,509,10.4)
(363,518,6.4)
(363,547,13.1)
(363,564,30.0)
(363,580,12.0)
(363,624,12.2)
(363,654,9.2)
(367,380,11.3)
(367,388,8.4)
(367,452,13.0)
(367,461,12.2)
(367,463,5.7)
(367,468,15.0)
(367,509,11.8)
(367,547,14.3)
(367,564,32.7)
(367,580,12.9)
(367,624,12.7)
(367,654,10.1)
(371,380,24.5)
(371,468,34.1)
(371,475,10.3)
(371,547,33.6)
(371,624,28.7)
(371,664,15.1)
(373,388,7.0)
(373,452,11.1)
(373,461,10.5)
(373,463,4.5)
(373,468,13.9)
(373,472,6.9)
(373,509,9.9)
(373,518,6.2)
(373,529,2.5)
(373,547,12.8)
(373,564,29.7)
(373,580,11.8)
(373,624,12.3)
(373,654,9.0)
(378,380,33.1)
(378,468,43.0)
(378,547,42.0)
(380,382,8.7)
(380,384,5.6)
(380,388,4.9)
(380,394,8.7)
(380,402,10.8)
(380,405,8.3)
(380,407,9.2)
(380,408,8.9)
(380,412,10.5)
(380,417,15.8)
(380,418,13.8)
(380,423,6.7)
(380,426,9.6)
(380,427,20.6)
(380,428,7.8)
(380,430,5.5)
(380,431,6.8)
(380,433,7.4)
(380,439,8.5)
(380,442,6.9)
(380,452,12.1)
(380,457,4.6)
(380,460,8.1)
(380,461,10.4)
(380,463,5.9)
(380,466,8.7)
(380,468,6.3)
(380,471,9.6)
(380,472,5.7)
(380,475,5.3)
(380,480,5.7)
(380,481,6.2)
(380,483,28.3)
(380,486,28.5)
(380,500,7.2)
(380,501,15.1)
(380,505,7.6)
(380,509,7.1)
(380,514,9.4)
(380,518,12.3)
(380,519,22.1)
(380,520,9.0)
(380,522,9.2)
(380,523,10.1)
(380,527,9.6)
(380,529,7.9)
(380,534,8.1)
(380,544,8.1)
(380,547,6.7)
(380,553,12.8)
(380,561,5.8)
(380,562,5.6)
(380,563,29.2)
(380,564,87.5)
(380,570,27.7)
(380,574,5.8)
(380,575,7.7)
(380,577,6.8)
(380,580,5.8)
(380,584,10.7)
(380,585,9.3)
(380,587,8.5)
(380,596,4.6)
(380,598,6.8)
(380,605,8.3)
(380,607,5.1)
(380,608,9.6)
(380,615,5.9)
(380,620,24.2)
(380,624,5.0)
(380,626,38.0)
(380,627,7.4)
(380,648,12.2)
(380,654,6.4)
(380,664,4.5)
(380,665,6.5)
(380,671,14.5)
(381,452,268.0)
(382,388,6.0)
(382,402,2.5)
(382,452,10.4)
(382,457,4.5)
(382,461,9.3)
(382,468,12.0)
(382,472,6.1)
(382,480,2.9)
(382,500,1.4)
(382,509,9.1)
(382,518,5.9)
(382,547,11.3)
(382,561,2.7)
(382,564,29.9)
(382,580,10.0)
(382,596,4.5)
(382,607,4.3)
(382,624,10.0)
(382,654,7.5)
(382,665,2.5)
(384,388,4.0)
(384,402,4.1)
(384,418,6.2)
(384,426,3.5)
(384,430,1.9)
(384,431,2.3)
(384,433,2.3)
(384,442,2.1)
(384,452,8.7)
(384,457,2.4)
(384,461,7.1)
(384,463,2.8)
(384,468,8.9)
(384,472,4.3)
(384,475,3.6)
(384,480,1.6)
(384,481,2.1)
(384,500,2.4)
(384,509,6.8)
(384,518,5.6)
(384,520,3.1)
(384,522,3.4)
(384,534,2.7)
(384,547,8.3)
(384,553,5.2)
(384,561,1.6)
(384,562,1.8)
(384,564,34.4)
(384,574,1.4)
(384,577,2.2)
(384,580,7.0)
(384,584,4.2)
(384,596,2.5)
(384,598,2.1)
(384,607,2.6)
(384,615,2.1)
(384,624,6.8)
(384,627,2.1)
(384,654,5.2)
(384,664,2.4)
(384,665,2.3)
(385,461,124.4)
(385,564,143.5)
(386,564,116.0)
(387,388,8.8)
(387,452,13.1)
(387,461,13.2)
(387,468,19.5)
(387,472,8.3)
(387,505,2.7)
(387,509,12.0)
(387,529,2.6)
(387,537,1.8)
(387,547,17.4)
(387,564,32.7)
(387,575,2.8)
(387,580,16.4)
(387,585,1.6)
(387,587,2.3)
(387,605,1.9)
(388,394,6.1)
(388,405,5.2)
(388,407,5.9)
(388,408,5.8)
(388,423,4.4)
(388,426,7.9)
(388,427,16.7)
(388,428,5.7)
(388,430,3.3)
(388,431,4.0)
(388,433,5.3)
(388,434,8.8)
(388,439,5.4)
(388,442,4.1)
(388,452,5.2)
(388,457,2.9)
(388,460,4.8)
(388,461,4.5)
(388,463,2.6)
(388,466,5.4)
(388,468,6.5)
(388,471,6.9)
(388,472,2.2)
(388,475,7.1)
(388,480,4.0)
(388,481,4.5)
(388,500,5.1)
(388,505,4.3)
(388,509,3.7)
(388,514,5.4)
(388,518,5.7)
(388,520,6.2)
(388,522,7.0)
(388,523,7.2)
(388,527,6.4)
(388,529,4.3)
(388,534,5.1)
(388,537,5.5)
(388,544,6.0)
(388,547,5.8)
(388,550,12.6)
(388,561,3.7)
(388,562,3.3)
(388,564,34.5)
(388,574,3.8)
(388,575,4.1)
(388,577,4.0)
(388,580,5.0)
(388,584,9.1)
(388,585,5.6)
(388,587,4.9)
(388,596,2.7)
(388,597,8.9)
(388,598,4.1)
(388,605,5.0)
(388,607,2.9)
(388,608,6.0)
(388,615,5.3)
(388,624,5.7)
(388,627,4.8)
(388,647,14.6)
(388,648,9.5)
(388,654,4.1)
(388,664,4.8)
(388,665,3.7)
(388,671,10.8)
(390,461,20.5)
(390,468,26.9)
(390,518,12.4)
(390,564,42.2)
(390,580,22.9)
(390,624,22.7)
(390,654,18.1)
(391,564,268.0)
(394,430,3.1)
(394,452,10.5)
(394,457,4.6)
(394,461,9.8)
(394,468,12.1)
(394,472,6.2)
(394,509,9.2)
(394,547,11.4)
(394,562,3.0)
(394,564,30.4)
(394,574,2.9)
(394,580,10.1)
(394,596,4.5)
(394,607,4.4)
(394,624,9.9)
(394,654,7.7)
(394,664,4.5)
(396,461,70.8)
(396,514,25.7)
(396,518,35.8)
(396,564,86.3)
(402,457,6.3)
(402,461,14.6)
(402,468,16.5)
(402,475,4.3)
(402,480,3.9)
(402,481,3.5)
(402,547,17.5)
(402,561,4.0)
(402,574,4.0)
(402,580,13.7)
(402,607,6.4)
(402,615,3.8)
(402,624,12.5)
(402,654,10.5)
(402,664,5.4)
(405,452,9.3)
(405,457,4.2)
(405,461,8.4)
(405,463,3.2)
(405,468,11.1)
(405,472,5.2)
(405,505,1.7)
(405,509,8.0)
(405,518,5.1)
(405,529,1.9)
(405,547,10.3)
(405,564,27.9)
(405,575,1.8)
(405,580,9.2)
(405,587,1.8)
(405,596,4.0)
(405,605,1.2)
(405,607,3.9)
(405,624,9.3)
(405,654,6.9)
(407,430,3.2)
(407,431,2.0)
(407,452,10.1)
(407,457,4.8)
(407,461,9.6)
(407,463,3.8)
(407,468,12.2)
(407,472,6.0)
(407,509,8.9)
(407,529,2.2)
(407,547,11.3)
(407,562,3.1)
(407,564,29.7)
(407,580,10.3)
(407,587,1.9)
(407,596,4.6)
(407,624,10.5)
(407,654,7.8)
(408,452,9.9)
(408,457,4.7)
(408,461,9.0)
(408,463,3.8)
(408,468,11.8)
(408,472,5.9)
(408,509,8.6)
(408,514,3.5)
(408,518,5.5)
(408,547,11.0)
(408,564,28.2)
(408,580,9.9)
(408,596,4.6)
(408,607,4.4)
(408,624,10.0)
(408,654,7.5)
(412,452,12.0)
(412,461,11.3)
(412,468,14.1)
(412,472,7.8)
(412,509,10.9)
(412,547,13.3)
(412,564,31.5)
(412,580,12.1)
(412,596,6.0)
(412,598,2.8)
(412,607,5.7)
(412,624,11.9)
(412,654,9.3)
(412,665,3.3)
(416,564,268.0)
(417,452,18.8)
(417,461,20.3)
(417,468,20.2)
(417,472,12.9)
(417,509,16.9)
(417,547,19.5)
(417,580,18.0)
(417,624,17.7)
(417,654,14.9)
(418,452,18.5)
(418,461,18.8)
(418,468,19.1)
(418,547,19.4)
(418,580,16.6)
(418,596,8.9)
(418,607,8.7)
(418,624,15.7)
(418,654,13.1)
(420,564,268.0)
(423,430,2.0)
(423,433,1.5)
(423,452,8.5)
(423,457,3.1)
(423,461,7.5)
(423,463,2.8)
(423,468,9.9)
(423,472,4.5)
(423,475,3.9)
(423,480,2.1)
(423,481,1.7)
(423,505,1.9)
(423,509,7.0)
(423,518,5.1)
(423,544,1.6)
(423,547,9.1)
(423,561,1.9)
(423,564,27.3)
(423,574,1.9)
(423,580,8.0)
(423,587,2.2)
(423,596,3.1)
(423,607,3.1)
(423,615,2.4)
(423,624,7.8)
(423,654,5.9)
(423,664,3.3)
(426,430,3.9)
(426,457,5.4)
(426,461,15.5)
(426,468,14.8)
(426,475,3.8)
(426,480,3.3)
(426,481,2.8)
(426,509,12.6)
(426,547,14.8)
(426,553,1.6)
(426,562,3.8)
(426,574,3.3)
(426,580,12.3)
(426,596,5.6)
(426,607,5.7)
(426,615,3.1)
(426,624,11.3)
(426,654,9.6)
(426,664,4.6)
(427,452,23.7)
(427,468,26.9)
(427,472,16.6)
(427,509,21.2)
(427,547,24.6)
(428,430,2.7)
(428,452,10.4)
(428,457,4.0)
(428,461,10.2)
(428,468,11.8)
(428,472,5.9)
(428,475,3.9)
(428,480,2.4)
(428,481,2.0)
(428,509,8.9)
(428,547,10.9)
(428,561,2.4)
(428,562,2.6)
(428,564,31.8)
(428,574,2.4)
(428,580,9.7)
(428,596,4.1)
(428,607,4.1)
(428,615,2.4)
(428,624,9.2)
(428,654,7.4)
(428,664,3.7)
(430,431,1.8)
(430,433,2.4)
(430,442,1.9)
(430,452,7.4)
(430,457,2.3)
(430,460,2.6)
(430,461,6.3)
(430,463,2.3)
(430,468,8.6)
(430,472,3.6)
(430,475,4.3)
(430,480,1.9)
(430,481,2.0)
(430,500,2.5)
(430,505,2.5)
(430,509,5.8)
(430,514,3.8)
(430,518,4.7)
(430,520,3.2)
(430,523,3.9)
(430,527,3.4)
(430,544,2.9)
(430,547,7.8)
(430,561,1.6)
(430,562,1.3)
(430,564,28.0)
(430,574,1.6)
(430,577,1.9)
(430,580,6.8)
(430,587,3.0)
(430,596,2.0)
(430,598,1.8)
(430,607,2.2)
(430,615,2.7)
(430,624,6.6)
(430,627,2.2)
(430,654,4.8)
(430,664,2.7)
(430,665,2.1)
(431,452,8.0)
(431,457,2.9)
(431,460,1.6)
(431,461,7.1)
(431,463,2.3)
(431,468,9.6)
(431,472,4.1)
(431,480,2.3)
(431,481,2.1)
(431,505,1.6)
(431,509,6.6)
(431,518,4.3)
(431,529,1.9)
(431,547,8.8)
(431,561,1.8)
(431,562,1.8)
(431,564,26.4)
(431,574,2.1)
(431,575,1.9)
(431,577,1.3)
(431,580,7.8)
(431,587,1.9)
(431,596,2.8)
(431,598,1.3)
(431,607,2.8)
(431,624,7.8)
(431,654,5.6)
(431,664,3.6)
(431,665,1.6)
(433,452,10.0)
(433,457,3.7)
(433,461,9.8)
(433,463,3.5)
(433,468,11.4)
(433,472,5.6)
(433,475,3.7)
(433,480,2.2)
(433,481,1.8)
(433,509,8.5)
(433,547,10.5)
(433,562,2.3)
(433,564,31.4)
(433,574,2.1)
(433,580,9.3)
(433,596,3.7)
(433,607,3.7)
(433,615,2.2)
(433,624,8.8)
(433,654,7.0)
(433,664,3.4)
(434,452,12.9)
(434,461,12.8)
(434,468,17.8)
(434,472,8.5)
(434,509,11.8)
(434,514,4.3)
(434,529,2.9)
(434,537,1.9)
(434,547,16.0)
(434,564,31.7)
(434,580,15.1)
(434,587,2.5)
(439,452,9.5)
(439,457,4.3)
(439,461,8.6)
(439,463,3.4)
(439,468,11.3)
(439,472,5.4)
(439,509,8.2)
(439,518,5.2)
(439,547,10.5)
(439,564,28.1)
(439,580,9.4)
(439,596,4.2)
(439,607,4.0)
(439,624,9.5)
(439,654,7.1)
(441,452,55.2)
(441,509,52.9)
(441,547,62.2)
(442,452,8.1)
(442,457,3.0)
(442,461,7.2)
(442,463,2.4)
(442,468,9.8)
(442,472,4.2)
(442,480,2.1)
(442,505,1.7)
(442,509,6.8)
(442,518,4.3)
(442,547,9.0)
(442,561,1.7)
(442,562,1.8)
(442,564,26.5)
(442,574,1.9)
(442,575,1.8)
(442,577,1.1)
(442,580,7.9)
(442,596,2.9)
(442,598,1.2)
(442,607,2.8)
(442,624,7.9)
(442,654,5.7)
(442,664,3.5)
(442,665,1.5)
(447,564,268.0)
(450,468,42.6)
(450,547,42.0)
(450,580,39.0)
(452,457,7.9)
(452,460,8.7)
(452,461,9.7)
(452,463,6.6)
(452,466,9.3)
(452,468,14.8)
(452,471,11.3)
(452,472,4.9)
(452,475,16.8)
(452,480,8.8)
(452,481,9.4)
(452,487,31.2)
(452,493,123.9)
(452,500,9.6)
(452,505,8.0)
(452,509,5.9)
(452,510,19.3)
(452,514,9.5)
(452,518,11.1)
(452,520,10.7)
(452,522,11.9)
(452,523,11.7)
(452,527,10.8)
(452,528,32.8)
(452,529,8.1)
(452,533,18.2)
(452,534,9.1)
(452,537,9.5)
(452,544,10.8)
(452,547,10.4)
(452,548,21.2)
(452,550,18.5)
(452,558,24.4)
(452,559,13.9)
(452,561,7.8)
(452,562,7.5)
(452,564,62.5)
(452,574,8.5)
(452,575,8.0)
(452,577,8.0)
(452,580,11.7)
(452,585,9.4)
(452,587,8.6)
(452,595,15.0)
(452,596,6.9)
(452,597,13.1)
(452,598,8.2)
(452,605,8.8)
(452,607,7.0)
(452,608,10.1)
(452,615,11.3)
(452,624,15.2)
(452,626,41.1)
(452,627,9.1)
(452,641,33.5)
(452,647,20.1)
(452,648,15.5)
(452,654,10.4)
(452,659,41.5)
(452,664,11.3)
(452,665,7.6)
(452,671,16.5)
(457,460,3.9)
(457,461,6.2)
(457,463,2.8)
(457,468,7.6)
(457,471,5.4)
(457,472,3.3)
(457,475,4.7)
(457,480,2.2)
(457,481,2.7)
(457,500,3.7)
(457,501,9.8)
(457,505,3.5)
(457,509,5.2)
(457,514,4.9)
(457,518,5.7)
(457,519,15.5)
(457,520,4.8)
(457,522,5.2)
(457,529,3.9)
(457,534,4.1)
(457,544,4.2)
(457,547,6.7)
(457,553,8.0)
(457,561,2.4)
(457,562,2.4)
(457,564,37.5)
(457,574,2.2)
(457,575,3.7)
(457,577,3.0)
(457,580,5.7)
(457,584,6.4)
(457,587,4.1)
(457,596,1.9)
(457,598,3.0)
(457,605,4.2)
(457,607,2.4)
(457,608,5.1)
(457,615,3.0)
(457,624,5.7)
(457,627,3.5)
(457,648,7.6)
(457,654,4.4)
(457,664,2.8)
(457,665,2.8)
(460,461,7.9)
(460,463,2.9)
(460,468,10.7)
(460,472,4.8)
(460,509,7.3)
(460,514,2.8)
(460,518,4.6)
(460,529,1.8)
(460,537,1.5)
(460,547,9.9)
(460,564,26.9)
(460,575,1.5)
(460,580,8.9)
(460,585,1.5)
(460,587,1.7)
(460,596,3.7)
(460,598,1.8)
(460,607,3.6)
(460,624,9.2)
(460,654,6.5)
(461,463,5.6)
(461,466,8.5)
(461,468,11.5)
(461,471,10.3)
(461,472,5.2)
(461,475,15.0)
(461,480,7.2)
(461,481,8.1)
(461,487,27.5)
(461,496,86.8)
(461,500,8.5)
(461,505,7.3)
(461,509,6.9)
(461,514,7.4)
(461,516,39.4)
(461,518,6.5)
(461,520,10.1)
(461,522,11.7)
(461,523,11.0)
(461,525,21.4)
(461,527,10.2)
(461,529,7.4)
(461,533,17.9)
(461,534,8.2)
(461,537,8.7)
(461,544,10.6)
(461,547,11.5)
(461,548,19.8)
(461,550,17.1)
(461,559,13.3)
(461,561,6.5)
(461,562,6.4)
(461,564,38.6)
(461,574,7.0)
(461,575,7.1)
(461,577,7.0)
(461,580,8.4)
(461,584,16.6)
(461,585,8.8)
(461,587,8.2)
(461,592,21.2)
(461,595,14.8)
(461,596,5.4)
(461,597,12.8)
(461,598,7.2)
(461,605,8.0)
(461,607,5.2)
(461,608,9.8)
(461,615,10.3)
(461,624,10.5)
(461,627,8.3)
(461,641,33.3)
(461,648,16.9)
(461,654,6.2)
(461,664,9.0)
(461,665,6.6)
(461,671,18.3)
(463,466,3.3)
(463,468,8.2)
(463,472,3.0)
(463,480,3.0)
(463,500,3.3)
(463,505,2.6)
(463,509,5.2)
(463,514,3.7)
(463,518,3.8)
(463,529,2.7)
(463,534,3.1)
(463,537,3.5)
(463,547,7.4)
(463,561,2.3)
(463,562,2.2)
(463,564,24.8)
(463,574,2.7)
(463,575,2.4)
(463,577,2.2)
(463,580,6.3)
(463,585,3.6)
(463,587,3.2)
(463,596,2.5)
(463,598,2.3)
(463,605,3.0)
(463,607,2.2)
(463,615,4.2)
(463,624,6.4)
(463,627,2.9)
(463,654,4.4)
(463,664,4.1)
(463,665,2.1)
(466,468,11.4)
(466,472,5.4)
(466,509,8.0)
(466,514,2.9)
(466,518,4.9)
(466,529,2.0)
(466,547,10.6)
(466,564,27.4)
(466,575,1.7)
(466,577,1.9)
(466,580,9.5)
(466,585,1.4)
(466,605,1.3)
(466,607,4.1)
(466,624,9.7)
(466,654,7.1)
(468,471,13.1)
(468,472,6.2)
(468,475,11.0)
(468,480,9.1)
(468,481,9.7)
(468,483,39.0)
(468,486,36.8)
(468,500,10.6)
(468,501,22.9)
(468,505,9.8)
(468,509,6.7)
(468,510,29.7)
(468,514,11.6)
(468,518,14.9)
(468,519,29.3)
(468,520,12.6)
(468,522,13.4)
(468,523,13.7)
(468,525,26.2)
(468,527,12.9)
(468,528,36.7)
(468,529,10.0)
(468,531,27.5)
(468,533,25.4)
(468,534,10.9)
(468,537,12.0)
(468,544,12.2)
(468,547,5.5)
(468,548,26.6)
(468,553,20.0)
(468,558,34.8)
(468,559,16.9)
(468,561,8.9)
(468,562,8.8)
(468,564,106.3)
(468,570,39.4)
(468,574,9.0)
(468,575,9.9)
(468,577,9.6)
(468,580,3.0)
(468,582,75.2)
(468,584,16.3)
(468,585,11.7)
(468,587,10.7)
(468,592,25.4)
(468,595,18.6)
(468,596,7.5)
(468,597,17.5)
(468,598,9.7)
(468,603,44.9)
(468,605,10.8)
(468,607,7.6)
(468,608,12.4)
(468,615,10.2)
(468,620,33.5)
(468,623,49.7)
(468,624,7.1)
(468,627,10.6)
(468,646,21.7)
(468,647,30.3)
(468,648,16.6)
(468,654,7.6)
(468,664,8.7)
(468,665,9.3)
(468,671,18.5)
(471,472,7.0)
(471,509,10.1)
(471,518,6.5)
(471,547,12.4)
(471,564,30.2)
(471,580,11.1)
(471,596,5.3)
(471,624,11.0)
(471,654,8.5)
(472,475,7.7)
(472,480,4.5)
(472,481,4.7)
(472,500,5.3)
(472,505,4.1)
(472,509,3.4)
(472,510,13.6)
(472,514,5.5)
(472,518,5.8)
(472,520,6.4)
(472,522,7.3)
(472,527,6.5)
(472,529,4.2)
(472,534,5.2)
(472,537,5.5)
(472,544,6.3)
(472,547,5.4)
(472,558,18.0)
(472,561,3.7)
(472,562,3.6)
(472,564,32.1)
(472,574,4.2)
(472,575,4.1)
(472,577,4.1)
(472,580,5.2)
(472,585,5.5)
(472,587,4.7)
(472,595,10.4)
(472,596,3.2)
(472,597,8.6)
(472,598,4.1)
(472,605,5.0)
(472,607,3.3)
(472,608,6.0)
(472,615,5.8)
(472,624,6.5)
(472,627,5.0)
(472,647,14.1)
(472,648,9.7)
(472,654,5.0)
(472,664,5.3)
(472,665,3.7)
(472,671,10.9)
(475,480,3.4)
(475,481,3.5)
(475,483,11.7)
(475,500,4.2)
(475,501,5.8)
(475,509,11.2)
(475,522,4.7)
(475,544,4.0)
(475,547,11.9)
(475,553,4.6)
(475,561,4.1)
(475,562,4.4)
(475,563,10.7)
(475,570,11.7)
(475,574,3.6)
(475,580,9.5)
(475,584,4.3)
(475,596,5.1)
(475,607,5.5)
(475,615,2.6)
(475,620,10.4)
(475,624,7.4)
(475,654,8.3)
(475,664,2.5)
(480,481,1.7)
(480,500,2.3)
(480,501,6.4)
(480,509,6.9)
(480,518,5.7)
(480,522,3.3)
(480,534,2.9)
(480,544,2.5)
(480,547,8.4)
(480,553,5.1)
(480,561,1.8)
(480,562,1.9)
(480,564,34.2)
(480,574,1.3)
(480,577,2.2)
(480,580,7.2)
(480,584,4.1)
(480,596,2.4)
(480,598,2.1)
(480,607,2.7)
(480,615,1.8)
(480,624,6.9)
(480,627,2.1)
(480,654,5.2)
(480,664,2.3)
(480,665,2.3)
(481,501,5.3)
(481,505,2.7)
(481,509,7.3)
(481,529,3.2)
(481,544,2.0)
(481,547,8.9)
(481,553,4.2)
(481,561,2.2)
(481,562,2.3)
(481,564,35.7)
(481,574,1.8)
(481,580,7.8)
(481,587,3.1)
(481,596,2.8)
(481,607,3.3)
(481,615,2.0)
(481,624,7.5)
(481,648,4.4)
(481,654,5.9)
(481,664,2.8)
(483,580,34.5)
(483,624,32.5)
(483,664,17.3)
(486,547,36.6)
(486,580,33.3)
(486,624,32.3)
(487,496,10.1)
(487,518,15.1)
(487,564,46.1)
(487,654,28.9)
(493,564,144.0)
(496,564,105.3)
(497,509,55.2)
(497,547,74.2)
(497,564,84.4)
(500,509,8.2)
(500,518,5.4)
(500,547,10.0)
(500,561,2.1)
(500,562,2.3)
(500,564,30.2)
(500,574,2.3)
(500,580,8.7)
(500,596,3.6)
(500,607,3.6)
(500,624,8.5)
(500,654,6.5)
(500,664,3.7)
(500,665,2.0)
(501,547,23.2)
(501,580,19.7)
(501,596,10.1)
(501,615,5.6)
(501,624,18.5)
(501,664,8.0)
(502,509,48.0)
(502,564,71.8)
(505,509,6.6)
(505,514,3.0)
(505,518,4.4)
(505,529,1.6)
(505,537,2.0)
(505,547,9.1)
(505,564,26.1)
(505,575,1.6)
(505,577,1.7)
(505,580,8.1)
(505,585,1.8)
(505,587,1.5)
(505,596,3.3)
(505,605,1.6)
(505,607,3.3)
(505,624,8.5)
(505,654,6.1)
(505,665,2.0)
(509,510,18.6)
(509,514,7.2)
(509,518,9.1)
(509,519,24.9)
(509,520,9.4)
(509,522,10.3)
(509,523,10.5)
(509,527,9.4)
(509,528,30.3)
(509,529,6.8)
(509,533,17.3)
(509,534,7.9)
(509,537,8.1)
(509,544,9.2)
(509,547,4.4)
(509,558,23.2)
(509,559,12.7)
(509,561,6.3)
(509,562,6.0)
(509,564,49.6)
(509,574,6.6)
(509,575,6.6)
(509,577,6.5)
(509,580,5.7)
(509,584,13.9)
(509,585,8.2)
(509,587,7.2)
(509,595,13.9)
(509,596,5.0)
(509,597,12.0)
(509,598,6.8)
(509,602,52.8)
(509,605,7.5)
(509,607,5.1)
(509,608,8.8)
(509,615,8.4)
(509,624,8.3)
(509,627,7.8)
(509,647,18.9)
(509,648,13.5)
(509,654,7.1)
(509,659,41.5)
(509,664,7.8)
(509,665,6.2)
(509,671,14.8)
(510,547,25.1)
(510,564,40.2)
(514,518,4.5)
(514,529,3.0)
(514,537,2.9)
(514,547,10.8)
(514,548,7.2)
(514,561,3.7)
(514,564,24.4)
(514,575,2.8)
(514,577,3.0)
(514,580,9.3)
(514,585,3.2)
(514,587,3.3)
(514,596,4.6)
(514,602,16.9)
(514,603,13.7)
(514,605,2.9)
(514,607,4.4)
(514,624,10.6)
(514,654,7.3)
(514,659,14.3)
(514,665,3.2)
(516,518,19.5)
(516,564,57.3)
(518,529,4.6)
(518,533,10.4)
(518,534,4.9)
(518,537,5.1)
(518,547,14.0)
(518,559,8.0)
(518,561,4.4)
(518,562,4.6)
(518,564,22.4)
(518,574,5.3)
(518,575,4.1)
(518,577,4.0)
(518,580,11.2)
(518,585,5.2)
(518,596,5.2)
(518,597,7.5)
(518,598,4.3)
(518,603,21.1)
(518,605,4.7)
(518,607,4.6)
(518,624,12.9)
(518,641,17.3)
(518,646,10.2)
(518,654,8.0)
(518,664,8.4)
(518,665,3.9)
(519,547,28.2)
(519,580,26.1)
(519,624,25.5)
(520,547,11.7)
(520,561,2.9)
(520,562,3.1)
(520,564,30.7)
(520,580,10.5)
(520,596,4.7)
(520,607,4.6)
(520,624,10.5)
(520,654,8.0)
(520,664,4.7)
(522,547,12.5)
(522,564,33.3)
(522,574,3.2)
(522,580,11.2)
(522,596,5.2)
(522,607,5.2)
(522,615,3.2)
(522,624,10.9)
(522,654,8.8)
(522,664,4.7)
(523,547,12.9)
(523,562,3.7)
(523,564,31.6)
(523,580,11.6)
(523,596,5.6)
(523,607,5.4)
(523,624,11.4)
(523,654,8.9)
(525,564,45.0)
(525,580,22.4)
(525,607,12.1)
(525,624,21.6)
(525,654,17.6)
(527,547,11.9)
(527,562,3.3)
(527,564,30.6)
(527,580,10.8)
(527,596,5.0)
(527,607,4.8)
(527,624,10.9)
(527,654,8.2)
(528,547,34.6)
(528,580,33.5)
(529,537,1.7)
(529,547,9.2)
(529,564,26.3)
(529,575,1.6)
(529,580,8.2)
(529,585,1.7)
(529,587,1.4)
(529,596,3.7)
(529,605,1.7)
(529,607,3.7)
(529,608,2.2)
(529,624,8.7)
(529,654,6.4)
(529,665,2.4)
(531,547,26.9)
(531,564,49.0)
(531,580,24.7)
(531,624,24.4)
(533,547,22.8)
(533,564,36.9)
(533,580,21.4)
(534,547,10.3)
(534,562,2.5)
(534,564,27.5)
(534,580,9.0)
(534,596,3.8)
(534,607,3.6)
(534,624,9.1)
(534,654,6.7)
(534,665,2.0)
(536,564,268.0)
(537,547,11.1)
(537,564,27.5)
(537,575,1.9)
(537,580,10.0)
(537,585,1.3)
(537,587,1.7)
(537,596,4.7)
(537,605,1.4)
(537,607,4.5)
(537,624,10.8)
(537,654,7.6)
(544,547,11.2)
(544,564,32.7)
(544,574,2.5)
(544,580,10.1)
(544,596,4.3)
(544,607,4.4)
(544,615,2.4)
(544,624,9.7)
(544,654,7.7)
(544,664,3.8)
(545,564,268.0)
(547,553,21.0)
(547,558,29.7)
(547,559,15.7)
(547,561,8.2)
(547,562,8.0)
(547,563,41.6)
(547,564,91.3)
(547,574,8.3)
(547,575,9.1)
(547,577,8.9)
(547,580,6.0)
(547,584,16.3)
(547,585,10.8)
(547,587,9.8)
(547,595,17.3)
(547,596,6.8)
(547,597,16.1)
(547,598,8.9)
(547,605,10.0)
(547,607,7.2)
(547,608,11.3)
(547,615,9.4)
(547,620,33.2)
(547,624,8.6)
(547,627,9.9)
(547,647,25.4)
(547,648,15.9)
(547,654,9.0)
(547,664,8.5)
(547,665,8.5)
(547,671,17.5)
(548,564,39.9)
(548,580,22.8)
(548,654,18.3)
(550,564,38.3)
(550,580,19.9)
(550,624,19.3)
(550,654,14.8)
(553,574,5.1)
(553,580,16.8)
(553,615,4.3)
(553,624,15.0)
(553,654,13.6)
(553,664,6.3)
(558,564,48.7)
(559,564,32.3)
(559,580,14.7)
(559,624,15.5)
(560,564,123.5)
(561,562,1.5)
(561,564,27.4)
(561,574,1.5)
(561,575,2.5)
(561,577,1.7)
(561,580,7.1)
(561,596,2.4)
(561,598,1.6)
(561,607,2.3)
(561,615,2.5)
(561,624,6.9)
(561,627,1.9)
(561,654,5.0)
(561,664,2.7)
(561,665,1.7)
(562,564,26.6)
(562,574,1.6)
(562,577,1.8)
(562,580,6.9)
(562,596,2.1)
(562,598,1.7)
(562,607,2.1)
(562,615,2.8)
(562,624,6.7)
(562,627,2.0)
(562,654,4.9)
(562,664,2.8)
(562,665,1.9)
(563,615,11.5)
(563,624,35.0)
(563,664,16.4)
(564,574,31.2)
(564,575,26.1)
(564,577,26.1)
(564,580,78.0)
(564,585,27.5)
(564,587,27.6)
(564,590,238.9)
(564,592,45.2)
(564,595,34.4)
(564,596,33.2)
(564,597,31.4)
(564,598,26.9)
(564,602,73.8)
(564,603,59.4)
(564,605,27.0)
(564,607,29.9)
(564,608,29.3)
(564,615,47.8)
(564,624,95.0)
(564,626,64.0)
(564,627,28.8)
(564,641,51.0)
(564,646,39.7)
(564,647,44.3)
(564,649,268.0)
(564,652,116.0)
(564,654,56.0)
(564,659,63.0)
(564,664,55.4)
(564,665,25.8)
(570,624,31.8)
(574,577,2.0)
(574,580,7.2)
(574,584,4.0)
(574,596,2.4)
(574,598,1.9)
(574,607,2.5)
(574,615,2.0)
(574,624,6.9)
(574,627,2.0)
(574,654,5.2)
(574,664,2.3)
(575,577,1.7)
(575,580,8.0)
(575,585,1.8)
(575,587,2.0)
(575,596,3.6)
(575,597,3.2)
(575,598,2.0)
(575,605,1.5)
(575,607,3.3)
(575,624,8.5)
(575,654,6.1)
(575,665,1.9)
(577,580,7.7)
(577,596,2.9)
(577,598,1.3)
(577,607,2.7)
(577,624,7.8)
(577,654,5.6)
(577,664,3.6)
(577,665,1.5)
(580,584,13.7)
(580,585,9.9)
(580,587,8.9)
(580,592,22.0)
(580,595,16.4)
(580,596,5.7)
(580,597,15.0)
(580,598,7.8)
(580,603,38.5)
(580,605,9.0)
(580,607,5.7)
(580,608,10.5)
(580,615,8.2)
(580,623,45.3)
(580,624,5.6)
(580,627,8.7)
(580,646,18.7)
(580,648,14.3)
(580,654,5.1)
(580,664,6.9)
(580,665,7.4)
(580,671,16.2)
(584,596,6.5)
(584,615,3.7)
(584,624,12.5)
(584,654,10.7)
(584,664,5.4)
(585,587,1.6)
(585,597,2.0)
(585,605,1.3)
(585,624,10.5)
(585,654,7.7)
(587,596,4.0)
(587,605,1.7)
(587,608,2.0)
(587,624,9.6)
(587,654,7.0)
(592,624,21.4)
(592,654,17.5)
(596,598,2.8)
(596,605,4.0)
(596,607,2.0)
(596,608,4.9)
(596,615,3.5)
(596,624,5.6)
(596,627,3.4)
(596,648,7.6)
(596,654,4.0)
(596,664,3.2)
(596,665,2.7)
(598,607,2.7)
(598,624,7.8)
(598,654,5.6)
(598,664,3.4)
(598,665,1.4)
(599,624,57.6)
(603,654,31.0)
(605,607,3.8)
(605,624,9.2)
(605,654,6.7)
(605,665,2.2)
(607,615,3.8)
(607,624,5.6)
(607,627,3.3)
(607,654,3.7)
(607,664,3.7)
(607,665,2.4)
(608,624,10.8)
(608,647,3.0)
(608,654,8.2)
(615,624,7.3)
(615,627,2.5)
(615,654,6.6)
(615,664,2.1)
(620,624,28.0)
(624,627,8.5)
(624,646,18.1)
(624,648,14.0)
(624,654,3.9)
(624,664,5.7)
(624,665,7.4)
(627,654,6.4)
(627,664,3.5)
(646,654,14.6)
(648,654,11.6)
(648,664,7.0)
(654,664,5.8)
(654,665,5.2)
(654,671,13.7)
(664,665,3.8)
