List(391)
List(447)
List(420)
List(85)
List(67)
List(381)
List(7)
List(43)
List(590)
List(168)
List(545)
List(536)
List(36)
List(649)
List(416)
List(493)
List(161)
List(33, 255)
List(304, 386, 652)
List(63, 255, 304)
List(124, 169, 560, 572)
List(4, 5, 8, 15, 17, 19, 21, 22, 23, 26, 30, 34, 41, 48, 56, 57, 61, 68, 72, 73, 75, 77, 78, 83, 84, 86, 88, 91, 92, 93, 94, 95, 97, 99, 102, 105, 110, 111, 118, 119, 120, 125, 128, 130, 133, 134, 148, 149, 150, 152, 157, 159, 160, 165, 175, 176, 177, 178, 182, 185, 187, 188, 189, 195, 199, 200, 201, 205, 212, 213, 214, 217, 219, 220, 230, 232, 234, 235, 236, 239, 240, 242, 243, 245, 247, 250, 251, 253, 254, 262, 265, 268, 270, 273, 275, 282, 283, 285, 287, 292, 294, 295, 297, 299, 303, 306, 309, 311, 312, 313, 316, 324, 328, 339, 342, 344, 345, 346, 350, 353, 355, 358, 362, 363, 367, 371, 373, 378, 380, 382, 384, 385, 387, 388, 390, 394, 396, 402, 405, 407, 408, 412, 417, 418, 423, 426, 427, 428, 430, 431, 433, 434, 439, 441, 442, 450, 452, 457, 460, 461, 463, 466, 468, 471, 472, 475, 479, 480, 481, 483, 486, 487, 496, 497, 500, 501, 502, 505, 509, 510, 514, 516, 518, 519, 520, 522, 523, 525, 527, 528, 529, 531, 533, 534, 537, 544, 547, 548, 550, 553, 558, 559, 561, 562, 563, 564, 570, 574, 575, 577, 580, 582, 584, 585, 587, 592, 595, 596, 597, 598, 599, 602, 603, 605, 607, 608, 615, 620, 623, 624, 626, 627, 641, 646, 647, 648, 654, 655, 659, 664, 665, 671)
